2_6_18 7, 15
6_23_00 2, 10, 14, 6, 3, 11
7_2_16 9, 1, 5, 13, 6, 14, 2
7_2_20 11, 3, 7, 15, 8, 16, 4
4_23_08 6, 14, 2, 10
8_18_22 12, 4, 8, 16, 13, 5, 9, 1
1_2_18 6
2_17_06 4, 12
8_19_02 2, 10, 14, 6, 3, 11, 15, 7
6_12_12 9, 1, 5, 13, 6, 14
5_27_18 12, 4, 8, 16, 5
1_20_00 5
8_21_20 12, 4, 8, 16, 13, 5, 9, 1
1_8_22 1
2_4_20 7, 15
1_4_12 11
6_30_14 11, 3, 7, 15, 4, 12
4_6_02 3, 11, 15, 7
1_28_00 7
3_27_00 3, 11, 7
8_31_20 14, 6, 10, 2, 11, 3, 7, 15
6_12_04 5, 13, 1, 9, 2, 10
2_19_22 12, 4
1_22_18 7
7_22_02 3, 11, 15, 7, 16, 8, 12
8_18_20 11, 3, 7, 15, 12, 4, 8, 16
4_5_12 8, 16, 4, 12
6_26_16 11, 3, 7, 15, 8, 16
2_25_22 14, 6
1_8_00 6
4_4_16 9, 1, 5, 13
3_30_14 7, 15, 3
5_10_14 10, 2, 6, 14, 7
1_7_10 15
1_1_12 7
7_22_16 10, 2, 6, 14, 7, 15, 3
5_20_14 8, 16, 4, 12, 13
5_28_12 9, 1, 5, 13, 14
3_17_14 8, 16, 4
7_28_12 9, 1, 5, 13, 14, 6, 10
8_12_02 4, 12, 16, 8, 5, 13, 1, 9
5_26_02 4, 12, 16, 8, 1
1_1_04 3
5_14_22 15, 7, 11, 3, 8
8_15_14 11, 3, 7, 15, 8, 16, 4, 12
8_14_20 14, 6, 10, 2, 11, 3, 7, 15
3_13_18 13, 5, 9
8_5_18 11, 3, 7, 15, 12, 4, 8, 16
2_10_04 1, 9
4_8_20 12, 4, 8, 16
5_5_12 8, 16, 4, 12, 9
6_5_18 11, 3, 7, 15, 12, 4
6_22_12 8, 16, 4, 12, 5, 13
7_15_20 14, 6, 10, 2, 3, 11, 15
5_11_18 12, 4, 8, 16, 5
3_22_16 6, 14, 2
5_31_12 10, 2, 6, 14, 15
1_26_10 4
2_17_08 5, 13
8_13_00 4, 12, 16, 8, 1, 9, 13, 5
4_4_16 9, 1, 5, 13
7_30_12 10, 2, 6, 14, 3, 11, 15
7_27_12 9, 1, 5, 13, 2, 10, 14
2_9_22 14, 6
6_19_08 5, 13, 1, 9, 6, 14
1_6_00 14
5_31_20 14, 6, 10, 2, 3
2_31_06 7, 15
1_1_04 3
3_6_22 9, 1, 5
4_28_04 5, 13, 1, 9
8_12_08 7, 15, 3, 11, 8, 16, 4, 12
8_25_12 9, 1, 5, 13, 10, 2, 6, 14
3_3_16 9, 1, 13
4_30_10 9, 1, 5, 13
8_12_22 14, 6, 10, 2, 15, 7, 11, 3
8_24_20 12, 4, 8, 16, 13, 5, 9, 1
4_12_22 14, 6, 10, 2
1_12_18 16
4_4_02 2, 10, 14, 6
3_18_22 8, 16, 4
7_5_14 9, 1, 5, 13, 10, 2, 6
2_13_14 11, 3
1_25_20 13
7_14_00 4, 12, 16, 8, 13, 5, 9
4_31_16 12, 4, 8, 16
3_4_12 3, 11, 7
2_14_04 2, 10
1_3_16 1
3_30_00 16, 8, 12
6_21_22 13, 5, 9, 1, 14, 6
6_2_10 6, 14, 2, 10, 3, 11
5_11_22 14, 6, 10, 2, 7
7_4_02 2, 10, 14, 6, 7, 15, 3
4_17_16 9, 1, 5, 13
3_23_08 6, 14, 10
1_28_14 14
8_8_14 9, 1, 5, 13, 10, 2, 6, 14
5_19_04 3, 11, 15, 7, 12
8_18_00 1, 9, 13, 5, 2, 10, 14, 6
5_20_00 1, 9, 13, 5, 6
4_23_10 7, 15, 3, 11
8_30_18 13, 5, 9, 1, 10, 2, 6, 14
4_3_00 1, 9, 13, 5
6_24_12 8, 16, 4, 12, 5, 13
5_15_16 12, 4, 8, 16, 1
6_16_12 10, 2, 6, 14, 3, 11
1_7_08 14
3_18_18 6, 14, 2
3_31_14 11, 3, 15
5_19_20 11, 3, 7, 15, 4
1_10_00 15
1_22_14 5
3_31_06 7, 15, 11
5_29_12 10, 2, 6, 14, 7
1_15_00 12
1_29_06 7
2_22_06 1, 9
8_19_10 6, 14, 2, 10, 7, 15, 3, 11
8_25_18 12, 4, 8, 16, 13, 5, 9, 1
8_6_02 3, 11, 15, 7, 4, 12, 16, 8
7_7_20 12, 4, 8, 16, 5, 13, 1
7_1_14 8, 16, 4, 12, 9, 1, 5
5_12_04 5, 13, 1, 9, 10
5_28_04 5, 13, 1, 9, 10
8_4_04 3, 11, 15, 7, 4, 12, 16, 8
8_20_02 2, 10, 14, 6, 3, 11, 15, 7
2_13_16 12, 4
4_16_14 11, 3, 7, 15
5_22_16 10, 2, 6, 14, 7
7_13_04 6, 14, 2, 10, 3, 11, 15
3_11_06 6, 14, 10
1_2_10 2
1_20_10 10
7_28_18 12, 4, 8, 16, 1, 9, 13
4_25_00 3, 11, 15, 7
1_30_12 6
7_29_12 10, 2, 6, 14, 7, 15, 3
3_24_04 16, 8, 4
7_20_06 4, 12, 16, 8, 9, 1, 5
5_5_12 8, 16, 4, 12, 9
2_20_22 8, 16
6_19_16 9, 1, 5, 13, 10, 2
4_5_08 6, 14, 2, 10
8_6_18 11, 3, 7, 15, 12, 4, 8, 16
6_23_16 10, 2, 6, 14, 11, 3
7_5_22 13, 5, 9, 1, 14, 6, 10
1_10_20 9
1_24_08 10
4_25_06 6, 14, 2, 10
2_25_14 10, 2
7_2_14 8, 16, 4, 12, 5, 13, 1
7_6_16 10, 2, 6, 14, 7, 15, 3
2_31_20 14, 6
3_3_22 12, 4, 16
5_19_16 9, 1, 5, 13, 2
5_4_08 5, 13, 1, 9, 10
2_18_16 5, 13
4_27_22 14, 6, 10, 2
4_26_02 4, 12, 16, 8
1_9_06 6
7_21_14 9, 1, 5, 13, 10, 2, 6
4_28_00 3, 11, 15, 7
3_12_08 3, 11, 7
1_29_16 12
2_22_04 16, 8
7_4_16 9, 1, 5, 13, 14, 6, 10
4_20_22 12, 4, 8, 16
5_9_20 13, 5, 9, 1, 14
2_16_10 5, 13
1_8_08 10
5_24_20 12, 4, 8, 16, 1
7_4_16 9, 1, 5, 13, 14, 6, 10
2_26_08 3, 11
8_24_06 5, 13, 1, 9, 6, 14, 2, 10
7_7_14 9, 1, 5, 13, 2, 10, 14
6_21_12 8, 16, 4, 12, 9, 1
1_28_12 13
7_25_08 7, 15, 3, 11, 8, 16, 4
2_26_14 6, 14
5_23_12 8, 16, 4, 12, 1
7_2_04 3, 11, 15, 7, 16, 8, 12
7_24_14 9, 1, 5, 13, 14, 6, 10
8_18_06 4, 12, 16, 8, 5, 13, 1, 9
1_16_18 1
8_12_06 6, 14, 2, 10, 7, 15, 3, 11
4_12_16 11, 3, 7, 15
5_28_12 9, 1, 5, 13, 14
4_27_12 9, 1, 5, 13
2_23_14 9, 1
2_4_06 16, 8
2_9_16 11, 3
1_24_20 16
6_24_00 2, 10, 14, 6, 15, 7
8_22_22 13, 5, 9, 1, 14, 6, 10, 2
6_3_04 3, 11, 15, 7, 4, 12
6_16_12 10, 2, 6, 14, 3, 11
6_2_12 7, 15, 3, 11, 4, 12
6_20_14 8, 16, 4, 12, 5, 13
1_24_20 16
4_4_08 5, 13, 1, 9
4_24_18 11, 3, 7, 15
3_26_20 9, 1, 5
4_25_18 12, 4, 8, 16
7_6_02 3, 11, 15, 7, 16, 8, 12
4_30_12 10, 2, 6, 14
3_28_10 4, 12, 8
7_22_10 7, 15, 3, 11, 4, 12, 16
5_4_00 1, 9, 13, 5, 6
4_31_20 14, 6, 10, 2
8_5_16 10, 2, 6, 14, 11, 3, 7, 15
2_25_18 12, 4
3_21_10 7, 15, 3
5_28_06 6, 14, 2, 10, 11
3_20_08 1, 9, 5
5_5_10 7, 15, 3, 11, 8
6_26_06 6, 14, 2, 10, 3, 11
2_16_00 16, 8
2_18_12 3, 11
2_1_14 8, 16
8_23_02 3, 11, 15, 7, 4, 12, 16, 8
4_4_08 5, 13, 1, 9
5_22_22 13, 5, 9, 1, 10
1_21_10 7
8_2_00 1, 9, 13, 5, 2, 10, 14, 6
8_27_02 4, 12, 16, 8, 5, 13, 1, 9
2_1_16 9, 1
8_25_20 13, 5, 9, 1, 14, 6, 10, 2
7_10_12 9, 1, 5, 13, 6, 14, 2
7_18_18 10, 2, 6, 14, 7, 15, 3
5_10_04 5, 13, 1, 9, 2
3_20_06 16, 8, 4
1_12_06 10
1_15_18 5
7_1_06 4, 12, 16, 8, 5, 13, 1
3_19_18 10, 2, 14
5_19_18 10, 2, 6, 14, 3
2_1_04 3, 11
1_27_00 11
1_16_12 14
6_4_14 8, 16, 4, 12, 5, 13
1_5_12 8
2_18_08 1, 9
7_23_00 2, 10, 14, 6, 11, 3, 7
4_27_22 14, 6, 10, 2
6_13_16 12, 4, 8, 16, 9, 1
1_15_10 1
7_28_10 8, 16, 4, 12, 13, 5, 9
4_16_20 14, 6, 10, 2
8_9_14 10, 2, 6, 14, 11, 3, 7, 15
1_11_00 11
7_25_10 8, 16, 4, 12, 9, 1, 5
2_30_12 6, 14
6_26_22 14, 6, 10, 2, 11, 3
1_20_06 8
5_6_06 5, 13, 1, 9, 2
4_12_08 7, 15, 3, 11
6_13_22 15, 7, 11, 3, 12, 4
4_7_20 12, 4, 8, 16
7_24_08 6, 14, 2, 10, 11, 3, 7
1_23_22 5
2_28_16 7, 15
7_1_02 2, 10, 14, 6, 3, 11, 15
2_25_06 6, 14
8_15_14 11, 3, 7, 15, 8, 16, 4, 12
6_28_12 9, 1, 5, 13, 6, 14
7_21_00 2, 10, 14, 6, 3, 11, 15
3_31_14 11, 3, 15
5_2_18 10, 2, 6, 14, 7
8_28_04 5, 13, 1, 9, 6, 14, 2, 10
5_8_08 6, 14, 2, 10, 11
3_13_22 15, 7, 11
7_16_20 14, 6, 10, 2, 15, 7, 11
3_7_18 11, 3, 15
5_10_20 13, 5, 9, 1, 10
8_24_12 8, 16, 4, 12, 9, 1, 5, 13
4_17_16 9, 1, 5, 13
3_21_00 2, 10, 14
1_18_22 8
8_17_16 9, 1, 5, 13, 10, 2, 6, 14
5_2_02 2, 10, 14, 6, 15
4_15_10 9, 1, 5, 13
3_20_16 5, 13, 9
7_7_00 2, 10, 14, 6, 11, 3, 7
5_19_22 12, 4, 8, 16, 5
7_7_16 10, 2, 6, 14, 3, 11, 15
1_5_10 7
6_4_02 2, 10, 14, 6, 15, 7
6_24_08 6, 14, 2, 10, 3, 11
6_14_06 7, 15, 3, 11, 16, 8
8_1_04 3, 11, 15, 7, 4, 12, 16, 8
1_11_08 15
1_28_08 11
4_24_22 13, 5, 9, 1
5_24_18 11, 3, 7, 15, 16
6_31_20 14, 6, 10, 2, 11, 3
6_13_14 11, 3, 7, 15, 8, 16