4_6_14 9, 1, 5, 13
6_21_14 9, 1, 5, 13, 10, 2
7_14_06 7, 15, 3, 11, 16, 8, 12
6_9_14 10, 2, 6, 14, 11, 3
7_22_08 6, 14, 2, 10, 3, 11, 15
6_9_16 11, 3, 7, 15, 12, 4
3_6_12 4, 12, 16
2_24_20 8, 16
1_12_16 15
1_21_06 5
3_30_20 10, 2, 6
4_14_00 4,12, 16, 8
7_28_08 7, 15, 3, 11, 12, 4, 8
4_5_18 11, 3, 7, 15
8_16_16 12, 4, 8, 16, 9, 1, 5, 13
6_5_08 6, 14, 2, 10, 7, 15
8_6_02 3, 11, 15, 7, 4, 12, 16, 8
5_11_02 4, 12, 16, 8, 13
5_11_22 14, 6, 10, 2, 7
6_19_00 1, 9, 13, 5, 2, 10
4_20_14 8, 16, 4, 12
8_26_16 11, 3, 7, 15, 12, 4, 8, 16
3_26_12 5, 13, 1
3_8_22 9, 1, 13
6_9_00 3, 11, 15, 7, 4, 12
8_11_10 8, 16, 4, 12, 9, 1, 5, 13
5_2_00 1, 9, 13, 5, 14
7_16_22 15, 7, 11, 3, 16, 8, 12
7_9_20 13, 5, 9, 1, 14, 6, 10
1_27_22 6
8_16_16 12, 4, 8, 16, 9, 1, 5, 13
1_19_16 1
5_17_22 12, 4, 8, 16, 13
3_25_00 3, 11, 15
2_11_16 11, 3
2_17_10 6, 14
6_22_14 9, 1, 5, 13, 6, 14
7_5_20 12, 4, 8, 16, 13, 5, 9
2_25_14 10, 2
2_1_04 3, 11
2_25_04 5, 13
1_10_04 1
8_18_02 2, 10, 14, 6, 3, 11, 15, 7
5_19_06 4, 12, 16, 8, 13
8_15_08 8, 16, 4, 12, 5, 13, 1, 9
8_27_22 14, 6, 10, 2, 15, 7, 11, 3
4_19_02 2, 10, 14, 6
5_1_16 9, 1, 5, 13, 10
7_9_16 11, 3, 7, 15, 12, 4, 8
1_22_18 7
7_19_06 4, 12, 16, 8, 13, 5, 9
4_20_06 4, 12, 16, 8
1_2_00 13
2_11_00 3, 11
5_27_04 5, 13, 1, 9, 14
5_14_20 14, 6, 10, 2, 7
3_10_22 10, 2, 6
8_26_22 14, 6, 10, 2, 15, 7, 11, 3
3_4_04 15, 7, 3
4_5_18 11, 3, 7, 15
3_18_00 13, 5, 9
1_22_02 15
1_25_02 4
1_28_04 9
5_2_02 2, 10, 14, 6, 15
6_23_04 4, 12, 16, 8, 5, 13
7_9_12 9, 1, 5, 13, 10, 2, 6
7_29_20 14, 6, 10, 2, 11, 3, 7
4_12_22 14, 6, 10, 2
7_12_12 9, 1, 5, 13, 14, 6, 10
1_23_08 14
7_17_02 2, 10, 14, 6, 3, 11, 15
8_30_14 11, 3, 7, 15, 8, 16, 4, 12
6_8_06 5, 13, 1, 9, 2, 10
7_16_12 10, 2, 6, 14, 11, 3, 7
8_4_08 5, 13, 1, 9, 6, 14, 2, 10
4_25_08 7, 15, 3, 11
3_29_16 12, 4, 8
6_11_12 9, 1, 5, 13, 10, 2
7_28_14 10, 2, 6, 14, 15, 7, 11
4_1_16 9, 1, 5, 13
4_5_00 2, 10, 14, 6
4_4_08 5, 13, 1, 9
6_23_18 11, 3, 7, 15, 12, 4
1_31_10 1
5_21_16 10, 2, 6, 14, 11
4_29_18 13, 5, 9, 1
1_25_04 5
6_25_06 6, 14, 2, 10, 7, 15
6_3_22 12, 4, 8, 16, 13, 5
7_25_08 7, 15, 3, 11, 8, 16, 4
3_12_04 1, 9, 5
2_25_08 7, 15
8_5_12 8, 16, 4, 12, 9, 1, 5, 13
1_26_20 9
5_27_04 5, 13, 1, 9, 14
4_24_20 12, 4, 8, 16
4_27_14 10, 2, 6, 14
3_27_20 13, 5, 1
1_3_12 15
8_29_08 8, 16, 4, 12, 5, 13, 1, 9
8_2_22 12, 4, 8, 16, 13, 5, 9, 1
7_9_20 13, 5, 9, 1, 14, 6, 10
4_11_22 14, 6, 10, 2
7_17_22 12, 4, 8, 16, 13, 5, 9
8_26_00 3, 11, 15, 7, 4, 12, 16, 8
1_25_02 4
4_25_10 8, 16, 4, 12
2_23_20 12, 4
3_30_10 5, 13, 1
3_13_00 4,12, 16
8_18_02 2, 10, 14, 6, 3, 11, 15, 7
7_12_08 7, 15, 3, 11, 12, 4, 8
7_27_04 5, 13, 1, 9, 14, 6, 10
6_6_02 3, 11, 15, 7, 16, 8
8_28_00 3, 11, 15, 7, 4, 12, 16, 8
4_18_12 7, 15, 3, 11
1_21_08 6
1_16_10 13
8_17_00 1, 9, 13, 5, 2, 10, 14, 6
4_17_14 8, 16, 4, 12
3_27_02 4, 12, 8
7_31_12 10, 2, 6, 14, 15, 7, 11
7_6_12 8, 16, 4, 12, 5, 13, 1
8_29_06 7, 15, 3, 11, 4, 12, 16, 8
8_9_10 8, 16, 4, 12, 9, 1, 5, 13
7_5_12 8, 16, 4, 12, 9, 1, 5
2_24_14 5, 13
3_19_14 8, 16, 12
3_3_06 4, 12, 8
4_20_04 3, 11, 15, 7
1_31_08 16
6_9_18 12, 4, 8, 16, 13, 5
7_5_20 12, 4, 8, 16, 13, 5, 9
3_23_04 4, 12, 8
4_5_22 13, 5, 9, 1
3_4_14 4, 12, 8
1_3_04 11
6_1_02 2, 10, 14, 6, 3, 11
5_4_08 5, 13, 1, 9, 10
2_1_14 8, 16
6_24_04 4, 12, 16, 8, 1, 9
7_28_04 5, 13, 1, 9, 10, 2, 6
5_27_04 5, 13, 1, 9, 14
2_16_14 7, 15
4_19_00 1, 9, 13, 5
1_22_22 9
1_5_12 8
3_8_16 6, 14, 10
6_19_12 7, 15, 3, 11, 8, 16
8_4_08 5, 13, 1, 9, 6, 14, 2, 10
5_10_22 14, 6, 10, 2, 11
3_9_12 9, 1, 5
8_21_22 13, 5, 9, 1, 14, 6, 10, 2
6_1_12 7, 15, 3, 11, 8, 16
8_16_16 12, 4, 8, 16, 9, 1, 5, 13
6_17_02 2, 10, 14, 6, 3, 11
6_31_14 11, 3, 7, 15, 8, 16
1_13_00 4
2_20_08 1, 9
3_2_04 15, 7, 11
2_6_04 16, 8
8_12_02 4, 12, 16, 8, 5, 13, 1, 9
4_25_22 14, 6, 10, 2
7_9_04 5, 13, 1, 9, 6, 14, 2
3_7_14 9, 1, 13
8_22_08 6, 14, 2, 10, 7, 15, 3, 11
8_25_18 12, 4, 8, 16, 13, 5, 9, 1
2_13_16 12, 4
6_4_00 1, 9, 13, 5, 14, 6
7_22_10 7, 15, 3, 11, 4, 12, 16
8_31_20 14, 6, 10, 2, 11, 3, 7, 15
7_18_20 11, 3, 7, 15, 8, 16, 4
3_16_16 8, 16, 12
6_8_14 9, 1, 5, 13, 6, 14
3_27_18 12, 4, 16
4_5_18 11, 3, 7, 15
6_14_12 10, 2, 6, 14, 3, 11
4_29_06 7, 15, 3, 11
8_23_22 13, 5, 9, 1, 14, 6, 10, 2
8_6_22 13, 5, 9, 1, 14, 6, 10, 2
4_24_04 4, 12, 16, 8
8_12_08 7, 15, 3, 11, 8, 16, 4, 12
4_11_22 14, 6, 10, 2
3_4_06 16, 8, 4
4_10_04 5, 13, 1, 9
5_22_00 2, 10, 14, 6, 15
4_7_10 7, 15, 3, 11
5_11_16 11, 3, 7, 15, 4
7_2_02 2, 10, 14, 6, 15, 7, 11
2_24_06 1, 9
8_22_08 6, 14, 2, 10, 7, 15, 3, 11
7_30_12 10, 2, 6, 14, 3, 11, 15
1_4_20 15
4_13_10 9, 1, 5, 13
2_20_12 3, 11
5_26_16 11, 3, 7, 15, 8
1_20_02 6
5_16_02 5, 13, 1, 9, 6
8_8_02 3, 11, 15, 7, 4, 12, 16, 8
1_3_12 15
7_1_12 7, 15, 3, 11, 8, 16, 4
5_26_14 10, 2, 6, 14, 7
7_18_04 3, 11, 15, 7, 16, 8, 12
6_26_14 10, 2, 6, 14, 7, 15
8_20_02 2, 10, 14, 6, 3, 11, 15, 7
7_28_00 3, 11, 15, 7, 8, 16, 4
6_1_08 5, 13, 1, 9, 6, 14
7_31_08 8, 16, 4, 12, 13, 5, 9
2_6_00 14, 6
4_18_02 2, 10, 14, 6
8_9_08 7, 15, 3, 11, 8, 16, 4, 12
8_13_08 8, 16, 4, 12, 5, 13, 1, 9
1_29_22 15
5_26_06 6, 14, 2, 10, 3
4_26_08 7, 15, 3, 11
7_19_16 9, 1, 5, 13, 2, 10, 14
4_29_20 14, 6, 10, 2
1_24_00 6
5_30_00 4, 12, 16, 8, 13
4_15_16 12, 4, 8, 16
6_11_10 8, 16, 4, 12, 9, 1
3_12_12 5, 13, 9
4_1_18 10, 2, 6, 14
8_24_10 7, 15, 3, 11, 8, 16, 4, 12
5_3_20 11, 3, 7, 15, 4
1_7_18 3
4_24_22 13, 5, 9, 1
5_2_10 6, 14, 2, 10, 3
7_2_10 6, 14, 2, 10, 3, 11, 15
6_28_04 5, 13, 1, 9, 2, 10
4_29_08 8, 16, 4, 12
4_24_14 9, 1, 5, 13
2_5_00 2, 10
4_5_02 3, 11, 15, 7
1_3_12 15
3_28_22 10, 2, 14
1_3_14 16
2_17_16 9, 1
4_7_04 4, 12, 16, 8
3_1_18 10, 2, 6
3_26_12 5, 13, 1
2_17_04 3, 11
4_12_08 7, 15, 3, 11
2_17_04 3, 11
2_17_20 11, 3
4_3_14 8, 16, 4, 12
7_29_00 4, 12, 16, 8, 1, 9, 13
3_24_18 7, 15, 11
4_22_22 13, 5, 9, 1
3_9_12 9, 1, 5
3_31_16 12, 4, 16
4_24_16 10, 2, 6, 14
6_1_22 12, 4, 8, 16, 13, 5
8_14_02 5, 13, 1, 9, 2, 10, 14, 6
2_15_04 6, 14
6_19_12 7, 15, 3, 11, 8, 16
8_8_20 12, 4, 8, 16, 13, 5, 9, 1
8_11_10 8, 16, 4, 12, 9, 1, 5, 13
4_6_00 2, 10, 14, 6
4_10_12 9, 1, 5, 13
7_14_00 4, 12, 16, 8, 13, 5, 9
8_16_20 14, 6, 10, 2, 11, 3, 7, 15
5_14_16 12, 4, 8, 16, 5
2_10_18 8, 16
7_4_18 10, 2, 6, 14, 15, 7, 11
3_6_18 7, 15, 3
6_10_08 7, 15, 3, 11, 4, 12
5_28_08 7, 15, 3, 11, 12
2_12_06 2, 10
1_2_04 15
8_4_22 12, 4, 8, 16, 13, 5, 9, 1
1_9_18 12
5_18_18 10, 2, 6, 14, 7
2_16_18 9, 1
7_21_08 6, 14, 2, 10, 7, 15, 3
5_17_02 2, 10, 14, 6, 3
2_10_14 6, 14
1_9_16 11
3_2_14 4, 12, 16
1_6_18 7
4_2_06 4, 12, 16, 8
7_23_14 9, 1, 5, 13, 2, 10, 14
1_11_04 13
6_19_16 9, 1, 5, 13, 10, 2
4_15_04 6, 14, 2, 10
4_27_02 4, 12, 16, 8
7_5_06 5, 13, 1, 9, 6, 14, 2
4_28_20 13, 5, 9, 1
2_4_22 8, 16
1_13_06 7
2_20_00 13, 5
5_2_20 11, 3, 7, 15, 8
5_8_06 5, 13, 1, 9, 10
5_22_08 6, 14, 2, 10, 3
5_21_10 7, 15, 3, 11, 8
6_4_06 4, 12, 16, 8, 1, 9
8_24_14 9, 1, 5, 13, 10, 2, 6, 14
5_1_14 8, 16, 4, 12, 9
8_21_20 12, 4, 8, 16, 13, 5, 9, 1
8_21_02 3, 11, 15, 7, 4, 12, 16, 8
4_30_00 4,12, 16, 8
1_27_00 11
7_5_06 5, 13, 1, 9, 6, 14, 2
3_27_16 11, 3, 15
1_11_16 3
8_16_10 9, 1, 5, 13, 6, 14, 2, 10
8_18_14 8, 16, 4, 12, 9, 1, 5, 13
6_16_08 8, 16, 4, 12, 1, 9
8_31_16 12, 4, 8, 16, 9, 1, 5, 13
6_30_00 4, 12, 16, 8, 13, 5
4_10_14 10, 2, 6, 14
2_18_08 1, 9
6_21_20 12, 4, 8, 16, 13, 5
1_5_14 9
1_24_20 16
1_21_22 13
2_17_16 9, 1
3_20_12 3, 11, 7
7_30_12 10, 2, 6, 14, 3, 11, 15
3_14_16 8, 16, 4
2_19_14 8, 16
8_13_14 11, 3, 7, 15, 8, 16, 4, 12
7_14_00 4, 12, 16, 8, 13, 5, 9
6_18_08 5, 13, 1, 9, 2, 10
8_27_00 3, 11, 15, 7, 4, 12, 16, 8
5_5_12 8, 16, 4, 12, 9
3_6_00 14, 6, 10
3_19_18 10, 2, 14
2_25_08 7, 15
7_11_12 9, 1, 5, 13, 2, 10, 14
1_3_12 15
1_22_16 6
6_3_10 6, 14, 2, 10, 7, 15
1_13_18 13
5_24_14 9, 1, 5, 13, 14
2_31_04 6, 14
6_19_06 4, 12, 16, 8, 5, 13
6_26_14 10, 2, 6, 14, 7, 15
4_19_20 11, 3, 7, 15
3_6_08 2, 10, 14
8_3_08 5, 13, 1, 9, 6, 14, 2, 10
6_14_18 13, 5, 9, 1, 6, 14
6_28_10 8, 16, 4, 12, 5, 13
5_6_00 2, 10, 14, 6, 15
1_8_02 7
4_31_16 12, 4, 8, 16
8_17_18 10, 2, 6, 14, 11, 3, 7, 15
5_10_02 4, 12, 16, 8, 1
5_30_20 14, 6, 10, 2, 7
2_19_14 8, 16
1_10_00 15
1_16_12 14
3_4_00 13, 5, 1
7_13_22 15, 7, 11, 3, 12, 4, 8
6_26_06 6, 14, 2, 10, 3, 11
4_25_12 9, 1, 5, 13
3_19_00 1, 9, 5
2_28_10 4, 12
3_24_12 4, 12, 8
3_28_12 5, 13, 9
4_15_22 15, 7, 11, 3
3_7_14 9, 1, 13
8_30_22 15, 7, 11, 3, 12, 4, 8, 16
6_16_02 5, 13, 1, 9, 14, 6
3_7_22 13, 5, 1
5_6_12 8, 16, 4, 12, 5
7_19_04 3, 11, 15, 7, 12, 4, 8
8_27_20 13, 5, 9, 1, 14, 6, 10, 2
5_25_18 12, 4, 8, 16, 13
2_30_06 3, 11
7_10_20 13, 5, 9, 1, 10, 2, 6
3_26_18 8, 16, 4
6_16_06 7, 15, 3, 11, 16, 8
4_21_20 12, 4, 8, 16
8_25_02 4, 12, 16, 8, 5, 13, 1, 9
4_8_06 5, 13, 1, 9
8_22_08 6, 14, 2, 10, 7, 15, 3, 11
1_18_08 1
6_31_02 5, 13, 1, 9, 2, 10
8_5_08 6, 14, 2, 10, 7, 15, 3, 11
7_2_16 9, 1, 5, 13, 6, 14, 2
2_15_08 8, 16
7_21_22 13, 5, 9, 1, 14, 6, 10
3_29_02 5, 13, 1
6_17_12 7, 15, 3, 11, 8, 16
8_5_08 6, 14, 2, 10, 7, 15, 3, 11
7_12_08 7, 15, 3, 11, 12, 4, 8
6_11_08 7, 15, 3, 11, 8, 16
8_2_10 6, 14, 2, 10, 7, 15, 3, 11
6_2_10 6, 14, 2, 10, 3, 11
4_12_00 3, 11, 15, 7
3_26_10 4, 12, 16
4_4_04 3, 11, 15, 7
4_27_00 3, 11, 15, 7
5_9_06 6, 14, 2, 10, 7
6_15_08 8, 16, 4, 12, 5, 13
8_9_06 6, 14, 2, 10, 7, 15, 3, 11
2_29_04 6, 14
5_25_10 8, 16, 4, 12, 9
1_18_06 16
3_17_02 2, 10, 14
8_23_10 7, 15, 3, 11, 8, 16, 4, 12
2_27_00 3, 11
7_22_08 6, 14, 2, 10, 3, 11, 15
7_13_16 12, 4, 8, 16, 9, 1, 5
8_30_16 12, 4, 8, 16, 9, 1, 5, 13
1_5_12 8
7_19_22 12, 4, 8, 16, 5, 13, 1
6_18_16 9, 1, 5, 13, 6, 14
7_9_08 7, 15, 3, 11, 8, 16, 4
2_9_16 11, 3
7_9_20 13, 5, 9, 1, 14, 6, 10
3_19_00 1, 9, 5
1_5_06 5
7_22_16 10, 2, 6, 14, 7, 15, 3
3_18_08 1, 9, 13
4_25_10 8, 16, 4, 12
4_29_18 13, 5, 9, 1
5_28_04 5, 13, 1, 9, 10
3_3_08 5, 13, 9
6_17_10 6, 14, 2, 10, 7, 15
8_29_12 10, 2, 6, 14, 7, 15, 3, 11
8_3_04 3, 11, 15, 7, 4, 12, 16, 8
5_30_04 6, 14, 2, 10, 15
1_18_10 2
1_9_06 6
5_30_14 11, 3, 7, 15, 4
5_12_08 7, 15, 3, 11, 12
8_30_22 15, 7, 11, 3, 12, 4, 8, 16
3_31_02 5, 13, 9
2_26_18 8, 16
8_14_04 6, 14, 2, 10, 3, 11, 15, 7
2_11_06 6, 14
5_23_22 13, 5, 9, 1, 6
1_6_10 3
7_7_14 9, 1, 5, 13, 2, 10, 14
2_7_04 4, 12
3_3_22 12, 4, 16
4_24_02 3, 11, 15, 7
6_21_00 2, 10, 14, 6, 3, 11
3_30_18 9, 1, 5
5_9_10 8, 16, 4, 12, 9
1_8_08 10
2_6_04 16, 8
2_26_06 2, 10
3_3_08 5, 13, 9
3_13_00 4,12, 16
8_24_22 13, 5, 9, 1, 14, 6, 10, 2
6_23_22 13, 5, 9, 1, 14, 6
7_20_14 8, 16, 4, 12, 13, 5, 9
7_29_18 13, 5, 9, 1, 10, 2, 6
5_9_04 5, 13, 1, 9, 6
2_9_10 8, 16
6_6_22 13, 5, 9, 1, 10, 2
3_13_12 10, 2, 6
3_21_16 10, 2, 6
8_29_20 14, 6, 10, 2, 11, 3, 7, 15
2_5_22 13, 5
7_29_00 4, 12, 16, 8, 1, 9, 13
7_6_12 8, 16, 4, 12, 5, 13, 1
6_30_04 6, 14, 2, 10, 15, 7
7_18_22 12, 4, 8, 16, 9, 1, 5
6_7_06 5, 13, 1, 9, 6, 14
8_25_18 12, 4, 8, 16, 13, 5, 9, 1
1_14_20 10
7_4_14 8, 16, 4, 12, 13, 5, 9
5_9_22 14, 6, 10, 2, 15
2_18_06 16, 8
8_14_00 4, 12, 16, 8, 1, 9, 13, 5
7_20_22 12, 4, 8, 16, 1, 9, 13
4_19_16 9, 1, 5, 13
6_12_14 10, 2, 6, 14, 7, 15
3_18_22 8, 16, 4
1_28_18 16
1_30_14 7
4_12_22 14, 6, 10, 2
8_1_18 10, 2, 6, 14, 11, 3, 7, 15
7_7_04 4, 12, 16, 8, 13, 5, 9
1_29_14 11
5_10_12 9, 1, 5, 13, 6
5_12_12 9, 1, 5, 13, 14
8_11_06 6, 14, 2, 10, 7, 15, 3, 11
2_12_14 6, 14
2_18_10 2, 10
3_15_06 7, 15, 11
6_10_08 7, 15, 3, 11, 4, 12
6_23_04 4, 12, 16, 8, 5, 13
2_30_18 9, 1
4_14_14 11, 3, 7, 15
5_17_10 6, 14, 2, 10, 7
5_16_02 5, 13, 1, 9, 6
3_16_16 8, 16, 12
8_31_00 4, 12, 16, 8, 1, 9, 13, 5
3_2_22 8, 16, 4
8_8_20 12, 4, 8, 16, 13, 5, 9, 1
3_25_12 9, 1, 5
3_30_04 2, 10, 14
2_22_22 9, 1
7_6_14 9, 1, 5, 13, 6, 14, 2
4_18_12 7, 15, 3, 11
2_3_16 9, 1
7_10_04 5, 13, 1, 9, 2, 10, 14
6_26_16 11, 3, 7, 15, 8, 16
7_23_12 8, 16, 4, 12, 1, 9, 13
3_27_22 14, 6, 2
6_20_20 11, 3, 7, 15, 8, 16
2_9_14 10, 2
6_28_00 3, 11, 15, 7, 16, 8
8_8_12 8, 16, 4, 12, 9, 1, 5, 13
1_5_12 8
2_19_10 6, 14
8_3_16 9, 1, 5, 13, 10, 2, 6, 14
8_17_20 11, 3, 7, 15, 12, 4, 8, 16
5_12_00 3, 11, 15, 7, 8
7_12_12 9, 1, 5, 13, 14, 6, 10
6_17_18 10, 2, 6, 14, 11, 3
5_8_04 4, 12, 16, 8, 9
8_20_20 11, 3, 7, 15, 12, 4, 8, 16
1_26_08 3
3_5_08 6, 14, 2
6_21_02 3, 11, 15, 7, 4, 12
2_4_06 16, 8
8_31_02 5, 13, 1, 9, 2, 10, 14, 6
5_22_08 6, 14, 2, 10, 3
8_26_02 4, 12, 16, 8, 5, 13, 1, 9
3_17_16 9, 1, 5
2_30_18 9, 1
2_22_02 15, 7
8_23_00 2, 10, 14, 6, 3, 11, 15, 7
2_8_00 14, 6
7_19_06 4, 12, 16, 8, 13, 5, 9
1_10_18 8
2_28_18 8, 16
5_4_16 9, 1, 5, 13, 14
5_26_18 12, 4, 8, 16, 9
7_5_00 2, 10, 14, 6, 3, 11, 15
4_28_20 13, 5, 9, 1
7_4_04 3, 11, 15, 7, 8, 16, 4
1_10_12 5
2_13_20 14, 6
3_22_14 5, 13, 1
6_17_06 4, 12, 16, 8, 5, 13
3_16_08 4, 12, 8
3_20_20 7, 15, 11
2_17_02 2, 10
2_12_06 2, 10
2_16_04 2, 10
5_3_18 10, 2, 6, 14, 3
7_18_16 9, 1, 5, 13, 6, 14, 2
1_17_08 5
1_26_12 5
3_19_04 3, 11, 7
7_5_22 13, 5, 9, 1, 14, 6, 10
8_19_22 12, 4, 8, 16, 13, 5, 9, 1
3_30_06 3, 11, 15
6_28_12 9, 1, 5, 13, 6, 14
1_1_10 6
5_21_14 9, 1, 5, 13, 10
2_6_04 16, 8
2_13_18 13, 5
2_16_20 10, 2
3_8_00 14, 6, 2
7_27_22 14, 6, 10, 2, 7, 15, 3
4_25_00 3, 11, 15, 7
4_31_02 5, 13, 1, 9
6_6_12 8, 16, 4, 12, 5, 13
4_21_10 7, 15, 3, 11
4_9_00 3, 11, 15, 7
4_24_04 4, 12, 16, 8
7_20_02 2, 10, 14, 6, 7, 15, 3
5_17_20 11, 3, 7, 15, 12
2_26_08 3, 11
6_12_16 11, 3, 7, 15, 8, 16
6_4_02 2, 10, 14, 6, 15, 7
8_22_22 13, 5, 9, 1, 14, 6, 10, 2
6_1_10 6, 14, 2, 10, 7, 15
6_16_16 12, 4, 8, 16, 5, 13
3_17_22 12, 4, 8
2_3_02 2, 10
8_19_00 1, 9, 13, 5, 2, 10, 14, 6
1_25_18 12
5_3_04 3, 11, 15, 7, 12
6_3_02 2, 10, 14, 6, 3, 11
5_6_08 6, 14, 2, 10, 3
3_1_00 1, 9, 13
2_14_14 7, 15
3_19_10 6, 14, 10
3_22_04 16, 8, 12
7_18_10 6, 14, 2, 10, 3, 11, 15
8_7_06 5, 13, 1, 9, 6, 14, 2, 10
1_10_02 16
1_13_22 15
8_18_18 10, 2, 6, 14, 11, 3, 7, 15
1_20_20 15
5_16_02 5, 13, 1, 9, 6
2_18_08 1, 9
8_7_04 4, 12, 16, 8, 5, 13, 1, 9
5_26_10 8, 16, 4, 12, 5
6_29_14 11, 3, 7, 15, 8, 16
5_27_16 11, 3, 7, 15, 4
5_17_14 8, 16, 4, 12, 9
1_26_22 10
5_14_12 10, 2, 6, 14, 3
6_23_20 12, 4, 8, 16, 13, 5
6_5_14 9, 1, 5, 13, 10, 2
5_6_20 12, 4, 8, 16, 9
1_25_22 14
3_7_14 9, 1, 13
2_17_20 11, 3
6_16_06 7, 15, 3, 11, 16, 8
2_22_20 8, 16
7_4_12 7, 15, 3, 11, 12, 4, 8
2_28_10 4, 12
7_8_02 3, 11, 15, 7, 8, 16, 4
6_5_20 12, 4, 8, 16, 13, 5
1_31_10 1
3_24_12 4, 12, 8
3_2_04 15, 7, 11
8_23_00 2, 10, 14, 6, 3, 11, 15, 7
4_27_16 11, 3, 7, 15
8_8_06 5, 13, 1, 9, 6, 14, 2, 10
6_25_20 13, 5, 9, 1, 14, 6
2_18_22 8, 16
5_18_00 1, 9, 13, 5, 14
3_3_08 5, 13, 9
5_16_22 15, 7, 11, 3, 16
7_9_16 11, 3, 7, 15, 12, 4, 8
5_11_20 13, 5, 9, 1, 6
5_31_02 5, 13, 1, 9, 10
2_15_08 8, 16
1_10_02 16
3_22_06 1, 9, 13
7_5_02 3, 11, 15, 7, 4, 12, 16
6_11_18 12, 4, 8, 16, 13, 5
5_19_06 4, 12, 16, 8, 13
1_16_12 14
4_10_02 4, 12, 16, 8
8_30_06 7, 15, 3, 11, 4, 12, 16, 8
8_20_04 3, 11, 15, 7, 4, 12, 16, 8
8_8_22 13, 5, 9, 1, 14, 6, 10, 2
6_12_08 7, 15, 3, 11, 4, 12
5_2_02 2, 10, 14, 6, 15
1_25_22 14
7_26_18 12, 4, 8, 16, 9, 1, 5
5_6_12 8, 16, 4, 12, 5
4_14_06 7, 15, 3, 11
1_13_16 12
5_28_04 5, 13, 1, 9, 10
7_1_14 8, 16, 4, 12, 9, 1, 5
4_13_08 8, 16, 4, 12
3_13_02 5, 13, 1
1_14_14 7
5_10_14 10, 2, 6, 14, 7
6_12_18 12, 4, 8, 16, 9, 1
8_18_04 3, 11, 15, 7, 4, 12, 16, 8
7_22_08 6, 14, 2, 10, 3, 11, 15
1_18_04 15
4_22_10 7, 15, 3, 11
1_15_18 5
5_23_12 8, 16, 4, 12, 1
8_7_08 6, 14, 2, 10, 7, 15, 3, 11
5_11_22 14, 6, 10, 2, 7
5_9_18 12, 4, 8, 16, 13
7_19_00 1, 9, 13, 5, 10, 2, 6
4_10_04 5, 13, 1, 9
2_2_18 6, 14
1_8_18 15
2_16_16 8, 16
8_5_02 3, 11, 15, 7, 4, 12, 16, 8
3_28_10 4, 12, 8
1_23_16 2
6_14_02 5, 13, 1, 9, 14, 6
7_5_22 13, 5, 9, 1, 14, 6, 10
2_18_08 1, 9
8_24_06 5, 13, 1, 9, 6, 14, 2, 10
5_20_02 2, 10, 14, 6, 7
4_14_22 15, 7, 11, 3
5_9_08 7, 15, 3, 11, 8
3_28_12 5, 13, 9
6_28_14 10, 2, 6, 14, 7, 15
7_20_14 8, 16, 4, 12, 13, 5, 9
7_12_16 11, 3, 7, 15, 16, 8, 12
3_6_08 2, 10, 14
2_14_00 16, 8
1_21_20 12
4_27_18 12, 4, 8, 16
8_31_02 5, 13, 1, 9, 2, 10, 14, 6
8_5_08 6, 14, 2, 10, 7, 15, 3, 11
2_6_18 7, 15
5_9_18 12, 4, 8, 16, 13
7_9_16 11, 3, 7, 15, 12, 4, 8
4_31_18 13, 5, 9, 1
8_14_00 4, 12, 16, 8, 1, 9, 13, 5
8_8_16 10, 2, 6, 14, 11, 3, 7, 15
5_24_16 10, 2, 6, 14, 15
4_10_12 9, 1, 5, 13
7_17_18 10, 2, 6, 14, 11, 3, 7
2_14_14 7, 15
6_30_22 15, 7, 11, 3, 8, 16
3_14_02 1, 9, 13
6_17_10 6, 14, 2, 10, 7, 15
3_25_22 14, 6, 10
6_19_14 8, 16, 4, 12, 9, 1
6_1_14 8, 16, 4, 12, 9, 1
4_14_04 6, 14, 2, 10
4_29_18 13, 5, 9, 1
3_21_10 7, 15, 3
8_24_20 12, 4, 8, 16, 13, 5, 9, 1
1_10_18 8
6_19_16 9, 1, 5, 13, 10, 2
5_14_04 6, 14, 2, 10, 15
3_23_06 5, 13, 9
7_31_12 10, 2, 6, 14, 15, 7, 11
5_15_02 5, 13, 1, 9, 10
1_25_04 5
1_27_10 16
4_31_06 7, 15, 3, 11
2_5_22 13, 5
7_17_22 12, 4, 8, 16, 13, 5, 9
6_31_12 10, 2, 6, 14, 7, 15
8_27_20 13, 5, 9, 1, 14, 6, 10, 2
5_29_04 6, 14, 2, 10, 3
6_21_18 11, 3, 7, 15, 12, 4
2_17_12 7, 15
8_12_14 10, 2, 6, 14, 11, 3, 7, 15
1_22_18 7
4_19_14 8, 16, 4, 12
4_12_18 12, 4, 8, 16
5_17_06 4, 12, 16, 8, 5
7_9_10 8, 16, 4, 12, 9, 1, 5
5_23_04 4, 12, 16, 8, 13
6_26_00 3, 11, 15, 7, 16, 8
2_10_18 8, 16
4_29_12 10, 2, 6, 14
6_13_22 15, 7, 11, 3, 12, 4
1_26_20 9
2_5_04 4, 12
2_16_08 4, 12
8_27_12 9, 1, 5, 13, 10, 2, 6, 14
1_21_10 7
6_8_12 8, 16, 4, 12, 5, 13
4_3_08 5, 13, 1, 9
6_21_10 7, 15, 3, 11, 8, 16
3_11_08 7, 15, 11
8_27_00 3, 11, 15, 7, 4, 12, 16, 8
2_18_08 1, 9
2_14_20 10, 2
7_21_12 8, 16, 4, 12, 9, 1, 5
8_25_02 4, 12, 16, 8, 5, 13, 1, 9
6_31_06 7, 15, 3, 11, 4, 12
7_25_04 5, 13, 1, 9, 6, 14, 2
1_19_22 4
2_21_14 9, 1
2_8_12 4, 12
4_17_06 4, 12, 16, 8
7_30_12 10, 2, 6, 14, 3, 11, 15
8_3_06 4, 12, 16, 8, 5, 13, 1, 9
1_22_12 4
7_29_14 11, 3, 7, 15, 8, 16, 4
2_15_02 5, 13
3_25_02 4, 12, 16
7_30_18 13, 5, 9, 1, 6, 14, 2
2_3_20 11, 3
3_17_04 3, 11, 15
2_10_12 5, 13
3_2_04 15, 7, 11
3_1_10 6, 14, 2
3_25_16 11, 3, 7
2_23_00 2, 10
5_12_08 7, 15, 3, 11, 12
6_23_16 10, 2, 6, 14, 11, 3
5_14_12 10, 2, 6, 14, 3
6_28_16 11, 3, 7, 15, 8, 16
7_21_02 3, 11, 15, 7, 4, 12, 16
2_26_10 4, 12
1_22_04 16
1_28_20 1
2_15_22 15, 7
5_30_08 8, 16, 4, 12, 1
6_2_22 12, 4, 8, 16, 9, 1
3_21_00 2, 10, 14
6_5_10 7, 15, 3, 11, 8, 16
6_1_08 5, 13, 1, 9, 6, 14
1_28_22 2
8_31_08 8, 16, 4, 12, 5, 13, 1, 9
1_17_04 3
7_8_16 10, 2, 6, 14, 15, 7, 11
8_8_22 13, 5, 9, 1, 14, 6, 10, 2
4_22_08 6, 14, 2, 10
1_14_04 2
6_2_18 10, 2, 6, 14, 7, 15
6_13_08 8, 16, 4, 12, 5, 13
7_21_10 7, 15, 3, 11, 8, 16, 4
1_13_00 4
2_25_22 14, 6
8_17_12 7, 15, 3, 11, 8, 16, 4, 12
5_15_04 6, 14, 2, 10, 11
4_31_18 13, 5, 9, 1
5_7_14 9, 1, 5, 13, 2
8_17_12 7, 15, 3, 11, 8, 16, 4, 12
7_14_02 5, 13, 1, 9, 14, 6, 10
7_31_18 13, 5, 9, 1, 2, 10, 14
6_24_04 4, 12, 16, 8, 1, 9
3_1_16 9, 1, 5
1_19_10 14
7_16_00 4, 12, 16, 8, 5, 13, 1
1_21_18 11
6_4_12 7, 15, 3, 11, 4, 12
8_31_16 12, 4, 8, 16, 9, 1, 5, 13
4_11_16 11, 3, 7, 15
8_22_02 3, 11, 15, 7, 4, 12, 16, 8
3_12_06 2, 10, 6
4_11_14 10, 2, 6, 14
6_8_02 3, 11, 15, 7, 16, 8
2_10_22 10, 2
5_15_18 13, 5, 9, 1, 2
6_8_10 7, 15, 3, 11, 4, 12
2_6_20 8, 16
3_15_18 13, 5, 1
3_2_16 5, 13, 1
1_20_18 14
3_2_10 2, 10, 14
8_26_00 3, 11, 15, 7, 4, 12, 16, 8
7_31_10 9, 1, 5, 13, 14, 6, 10
2_9_22 14, 6
3_10_02 16, 8, 12
1_3_06 12
3_6_04 16, 8, 12
5_15_00 4, 12, 16, 8, 9
3_10_14 6, 14, 2
6_25_22 14, 6, 10, 2, 15, 7
7_13_04 6, 14, 2, 10, 3, 11, 15
1_26_04 1
3_5_00 2, 10, 14
1_4_06 8
1_26_18 8
8_11_18 12, 4, 8, 16, 13, 5, 9, 1
6_5_20 12, 4, 8, 16, 13, 5
4_7_10 7, 15, 3, 11
3_30_02 1, 9, 13
3_22_14 5, 13, 1
8_20_18 10, 2, 6, 14, 11, 3, 7, 15
6_21_02 3, 11, 15, 7, 4, 12
7_20_00 1, 9, 13, 5, 6, 14, 2
4_15_22 15, 7, 11, 3
6_16_08 8, 16, 4, 12, 1, 9
4_2_00 1, 9, 13, 5
2_3_10 6, 14
8_27_16 11, 3, 7, 15, 12, 4, 8, 16
6_1_12 7, 15, 3, 11, 8, 16
5_9_22 14, 6, 10, 2, 15
1_16_00 8
8_29_06 7, 15, 3, 11, 4, 12, 16, 8
8_30_16 12, 4, 8, 16, 9, 1, 5, 13
6_26_02 4, 12, 16, 8, 1, 9
7_2_20 11, 3, 7, 15, 8, 16, 4
1_6_16 6
1_9_12 9
2_12_04 1, 9
8_27_06 6, 14, 2, 10, 7, 15, 3, 11
6_25_18 12, 4, 8, 16, 13, 5
6_17_04 3, 11, 15, 7, 4, 12
7_4_10 6, 14, 2, 10, 11, 3, 7
8_4_04 3, 11, 15, 7, 4, 12, 16, 8
1_23_14 1
5_3_18 10, 2, 6, 14, 3
8_7_04 4, 12, 16, 8, 5, 13, 1, 9
7_29_06 7, 15, 3, 11, 4, 12, 16
4_16_20 14, 6, 10, 2
7_8_02 3, 11, 15, 7, 8, 16, 4
6_4_20 11, 3, 7, 15, 8, 16
4_17_10 6, 14, 2, 10
6_12_00 3, 11, 15, 7, 16, 8
2_25_12 9, 1
6_30_10 9, 1, 5, 13, 2, 10
3_29_22 15, 7, 11
8_11_22 14, 6, 10, 2, 15, 7, 11, 3
1_20_12 11
4_31_16 12, 4, 8, 16
6_12_08 7, 15, 3, 11, 4, 12
5_16_20 14, 6, 10, 2, 15
7_15_18 13, 5, 9, 1, 2, 10, 14
1_8_22 1
6_3_14 8, 16, 4, 12, 9, 1
2_27_06 6, 14
5_27_16 11, 3, 7, 15, 4
1_8_22 1
3_18_08 1, 9, 13
7_3_06 4, 12, 16, 8, 13, 5, 9
3_2_08 1, 9, 13
3_26_12 5, 13, 1
6_16_14 11, 3, 7, 15, 4, 12
5_29_18 13, 5, 9, 1, 10
3_11_08 7, 15, 11
4_23_14 9, 1, 5, 13
1_2_00 13
8_15_14 11, 3, 7, 15, 8, 16, 4, 12
6_2_22 12, 4, 8, 16, 9, 1
8_10_06 6, 14, 2, 10, 7, 15, 3, 11
4_1_06 4, 12, 16, 8
7_14_12 10, 2, 6, 14, 3, 11, 15
3_13_22 15, 7, 11
5_16_22 15, 7, 11, 3, 16
8_17_22 12, 4, 8, 16, 13, 5, 9, 1
8_22_22 13, 5, 9, 1, 14, 6, 10, 2
1_3_16 1
4_16_22 15, 7, 11, 3
5_30_04 6, 14, 2, 10, 15
8_4_04 3, 11, 15, 7, 4, 12, 16, 8
1_19_20 3
5_3_16 9, 1, 5, 13, 2
2_12_20 9, 1
5_8_14 9, 1, 5, 13, 14
2_7_12 8, 16
5_9_10 8, 16, 4, 12, 9
6_18_12 7, 15, 3, 11, 4, 12
3_26_16 7, 15, 3
1_26_22 10
6_31_18 13, 5, 9, 1, 10, 2
5_22_02 3, 11, 15, 7, 16
5_10_20 13, 5, 9, 1, 10
2_7_16 10, 2
5_11_14 10, 2, 6, 14, 3
2_13_16 12, 4
4_4_10 6, 14, 2, 10
2_3_18 10, 2
2_12_12 5, 13
1_9_00 3
1_28_22 2
1_17_12 7
6_12_10 8, 16, 4, 12, 5, 13
5_27_12 9, 1, 5, 13, 2
1_11_14 2
5_10_22 14, 6, 10, 2, 11
8_15_10 9, 1, 5, 13, 6, 14, 2, 10
6_19_20 11, 3, 7, 15, 12, 4
4_23_02 3, 11, 15, 7
5_1_20 11, 3, 7, 15, 12
8_13_08 8, 16, 4, 12, 5, 13, 1, 9
6_25_22 14, 6, 10, 2, 15, 7
6_2_12 7, 15, 3, 11, 4, 12
5_18_10 6, 14, 2, 10, 3
2_15_04 6, 14
1_3_16 1
4_13_10 9, 1, 5, 13
3_18_10 2, 10, 14
1_30_00 16
7_2_20 11, 3, 7, 15, 8, 16, 4
8_7_10 7, 15, 3, 11, 8, 16, 4, 12
6_16_16 12, 4, 8, 16, 5, 13
1_30_22 11
1_9_02 4
4_20_02 2, 10, 14, 6
4_25_18 12, 4, 8, 16
2_24_08 2, 10
6_15_02 5, 13, 1, 9, 2, 10
6_8_04 4, 12, 16, 8, 1, 9
4_26_14 10, 2, 6, 14
2_3_22 12, 4
3_23_12 8, 16, 12
1_20_06 8
4_1_22 12, 4, 8, 16
6_25_18 12, 4, 8, 16, 13, 5
1_1_04 3
7_26_08 7, 15, 3, 11, 4, 12, 16
2_13_10 9, 1
5_27_10 8, 16, 4, 12, 1
7_31_02 5, 13, 1, 9, 10, 2, 6
4_25_12 9, 1, 5, 13
8_1_08 5, 13, 1, 9, 6, 14, 2, 10
5_20_10 6, 14, 2, 10, 11
5_16_02 5, 13, 1, 9, 6
8_20_02 2, 10, 14, 6, 3, 11, 15, 7
5_8_08 6, 14, 2, 10, 11
8_25_04 5, 13, 1, 9, 6, 14, 2, 10
8_19_18 10, 2, 6, 14, 11, 3, 7, 15
5_12_18 12, 4, 8, 16, 1
5_13_00 4, 12, 16, 8, 1
8_14_22 15, 7, 11, 3, 12, 4, 8, 16
6_28_14 10, 2, 6, 14, 7, 15
1_13_08 8
7_21_14 9, 1, 5, 13, 10, 2, 6
3_4_04 15, 7, 3
2_1_06 4, 12
7_8_02 3, 11, 15, 7, 8, 16, 4
4_8_18 11, 3, 7, 15
2_1_02 2, 10
2_15_14 11, 3
6_9_16 11, 3, 7, 15, 12, 4
7_21_08 6, 14, 2, 10, 7, 15, 3
5_26_02 4, 12, 16, 8, 1
3_15_00 4,12, 8
7_31_14 11, 3, 7, 15, 16, 8, 12
7_15_04 6, 14, 2, 10, 11, 3, 7
5_18_18 10, 2, 6, 14, 7
1_9_00 3
3_15_18 13, 5, 1
3_7_12 8, 16, 12
5_8_18 11, 3, 7, 15, 16
1_20_16 13
4_23_20 12, 4, 8, 16
7_26_02 4, 12, 16, 8, 1, 9, 13
3_20_22 8, 16, 12
2_31_02 5, 13
4_2_10 6, 14, 2, 10
4_15_06 7, 15, 3, 11
3_14_04 2, 10, 14
4_12_16 11, 3, 7, 15
7_24_20 12, 4, 8, 16, 1, 9, 13
2_11_18 12, 4
6_25_10 8, 16, 4, 12, 9, 1
3_25_14 10, 2, 6
2_20_16 5, 13
6_19_00 1, 9, 13, 5, 2, 10
8_14_02 5, 13, 1, 9, 2, 10, 14, 6
5_17_04 3, 11, 15, 7, 4
7_18_08 5, 13, 1, 9, 2, 10, 14
7_6_20 12, 4, 8, 16, 9, 1, 5
8_19_20 11, 3, 7, 15, 12, 4, 8, 16
5_9_06 6, 14, 2, 10, 7
7_9_00 3, 11, 15, 7, 4, 12, 16
5_17_12 7, 15, 3, 11, 8
2_6_06 1, 9
5_20_16 9, 1, 5, 13, 14
5_6_18 11, 3, 7, 15, 8
5_16_22 15, 7, 11, 3, 16
3_18_14 4, 12, 16
2_7_08 6, 14
3_20_00 13, 5, 1
5_3_12 7, 15, 3, 11, 16
8_26_12 9, 1, 5, 13, 10, 2, 6, 14
5_7_00 2, 10, 14, 6, 11
8_29_04 6, 14, 2, 10, 3, 11, 15, 7
3_11_06 6, 14, 10
4_29_16 12, 4, 8, 16
3_5_14 9, 1, 5
8_25_14 10, 2, 6, 14, 11, 3, 7, 15
1_16_16 16
7_4_08 5, 13, 1, 9, 10, 2, 6
2_2_14 4, 12
4_19_10 6, 14, 2, 10
7_21_02 3, 11, 15, 7, 4, 12, 16
3_13_04 6, 14, 2
1_24_08 10
7_24_06 5, 13, 1, 9, 10, 2, 6
8_30_12 10, 2, 6, 14, 7, 15, 3, 11
2_10_10 4, 12
3_7_06 5, 13, 9
8_28_10 8, 16, 4, 12, 9, 1, 5, 13
8_16_22 15, 7, 11, 3, 12, 4, 8, 16
8_6_04 4, 12, 16, 8, 5, 13, 1, 9
6_27_04 5, 13, 1, 9, 6, 14
8_24_12 8, 16, 4, 12, 9, 1, 5, 13
7_29_16 12, 4, 8, 16, 9, 1, 5
2_18_06 16, 8
5_2_10 6, 14, 2, 10, 3
2_23_10 7, 15
1_23_12 16
8_4_22 12, 4, 8, 16, 13, 5, 9, 1
7_11_16 11, 3, 7, 15, 4, 12, 16
8_23_10 7, 15, 3, 11, 8, 16, 4, 12
6_23_22 13, 5, 9, 1, 14, 6
7_11_22 14, 6, 10, 2, 7, 15, 3
7_20_00 1, 9, 13, 5, 6, 14, 2
3_13_22 15, 7, 11
4_2_18 10, 2, 6, 14
8_26_06 6, 14, 2, 10, 7, 15, 3, 11
5_14_10 9, 1, 5, 13, 2
7_17_04 3, 11, 15, 7, 4, 12, 16
2_14_02 1, 9
1_23_20 4
2_21_20 12, 4
5_16_16 12, 4, 8, 16, 13
4_17_04 3, 11, 15, 7
8_26_12 9, 1, 5, 13, 10, 2, 6, 14
4_27_22 14, 6, 10, 2
5_15_02 5, 13, 1, 9, 10
7_11_10 8, 16, 4, 12, 1, 9, 13
2_30_10 5, 13
1_21_18 11
7_26_14 10, 2, 6, 14, 7, 15, 3
2_24_10 3, 11
3_17_10 6, 14, 2
1_31_04 14
5_21_22 13, 5, 9, 1, 14
8_12_12 9, 1, 5, 13, 10, 2, 6, 14
4_6_16 10, 2, 6, 14
2_7_18 11, 3
2_31_18 13, 5
7_16_04 6, 14, 2, 10, 7, 15, 3
1_25_00 3
3_21_18 11, 3, 7
1_23_12 16
6_25_10 8, 16, 4, 12, 9, 1
1_23_10 15
2_20_20 7, 15
6_13_04 6, 14, 2, 10, 3, 11
6_2_04 3, 11, 15, 7, 16, 8
5_5_02 3, 11, 15, 7, 4
7_22_04 4, 12, 16, 8, 1, 9, 13
3_8_16 6, 14, 10
2_24_08 2, 10
2_23_16 10, 2
7_5_14 9, 1, 5, 13, 10, 2, 6
3_20_02 14, 6, 2
2_23_00 2, 10
6_1_08 5, 13, 1, 9, 6, 14
6_11_14 10, 2, 6, 14, 11, 3
2_31_12 10, 2
4_12_04 5, 13, 1, 9
4_17_22 12, 4, 8, 16
8_17_06 4, 12, 16, 8, 5, 13, 1, 9
3_30_02 1, 9, 13
6_3_14 8, 16, 4, 12, 9, 1
4_31_10 9, 1, 5, 13
2_19_04 3, 11
1_8_02 7
6_24_20 12, 4, 8, 16, 9, 1
6_15_20 14, 6, 10, 2, 11, 3
4_25_06 6, 14, 2, 10
4_14_22 15, 7, 11, 3
1_21_18 11
1_3_14 16
4_26_14 10, 2, 6, 14
3_8_18 7, 15, 11
1_14_20 10
7_7_10 7, 15, 3, 11, 16, 8, 12
3_6_14 5, 13, 1
4_27_12 9, 1, 5, 13
6_17_06 4, 12, 16, 8, 5, 13
5_30_02 5, 13, 1, 9, 14
7_9_18 12, 4, 8, 16, 13, 5, 9
4_3_02 2, 10, 14, 6
2_1_00 1, 9
2_24_02 15, 7
2_7_16 10, 2
7_27_14 10, 2, 6, 14, 3, 11, 15
5_10_18 12, 4, 8, 16, 9
2_14_14 7, 15
1_7_06 13
3_20_14 4, 12, 8
8_12_14 10, 2, 6, 14, 11, 3, 7, 15
4_31_22 15, 7, 11, 3
5_19_00 1, 9, 13, 5, 10
3_9_14 10, 2, 6
2_12_16 7, 15
4_22_00 2, 10, 14, 6
8_30_08 8, 16, 4, 12, 5, 13, 1, 9
7_2_16 9, 1, 5, 13, 6, 14, 2
6_2_02 2, 10, 14, 6, 15, 7
1_2_08 1
6_10_00 3, 11, 15, 7, 16, 8
6_7_18 11, 3, 7, 15, 12, 4
6_25_10 8, 16, 4, 12, 9, 1
3_16_06 3, 11, 7
8_14_10 9, 1, 5, 13, 6, 14, 2, 10
7_4_12 7, 15, 3, 11, 12, 4, 8
4_30_02 5, 13, 1, 9
3_5_12 8, 16, 4
6_19_12 7, 15, 3, 11, 8, 16
4_29_22 15, 7, 11, 3
8_5_06 5, 13, 1, 9, 6, 14, 2, 10
1_7_18 3
2_10_14 6, 14
8_10_10 8, 16, 4, 12, 9, 1, 5, 13
8_7_10 7, 15, 3, 11, 8, 16, 4, 12
6_8_14 9, 1, 5, 13, 6, 14
4_11_20 13, 5, 9, 1
8_31_14 11, 3, 7, 15, 8, 16, 4, 12
3_4_14 4, 12, 8
2_6_20 8, 16
6_30_06 7, 15, 3, 11, 16, 8
5_1_20 11, 3, 7, 15, 12
2_24_02 15, 7
2_18_00 13, 5
3_5_10 7, 15, 3
7_6_14 9, 1, 5, 13, 6, 14, 2
7_28_12 9, 1, 5, 13, 14, 6, 10
8_7_20 12, 4, 8, 16, 13, 5, 9, 1
8_19_08 5, 13, 1, 9, 6, 14, 2, 10
7_16_16 12, 4, 8, 16, 13, 5, 9
6_12_02 4, 12, 16, 8, 1, 9
7_13_18 13, 5, 9, 1, 10, 2, 6
4_18_04 3, 11, 15, 7
3_30_06 3, 11, 15
2_17_10 6, 14
2_15_10 9, 1
1_27_18 4
3_17_18 10, 2, 6
5_16_14 11, 3, 7, 15, 12
4_12_12 9, 1, 5, 13
1_4_12 11
4_7_08 6, 14, 2, 10
6_31_10 9, 1, 5, 13, 6, 14
3_30_04 2, 10, 14
7_3_02 2, 10, 14, 6, 11, 3, 7
6_12_00 3, 11, 15, 7, 16, 8
7_31_18 13, 5, 9, 1, 2, 10, 14
6_26_18 12, 4, 8, 16, 9, 1
2_18_12 3, 11
7_17_16 9, 1, 5, 13, 10, 2, 6
6_16_16 12, 4, 8, 16, 5, 13
2_23_10 7, 15
8_1_22 12, 4, 8, 16, 13, 5, 9, 1
3_7_14 9, 1, 13
4_11_14 10, 2, 6, 14
3_3_20 11, 3, 15
8_2_12 7, 15, 3, 11, 8, 16, 4, 12
4_2_06 4, 12, 16, 8
7_5_22 13, 5, 9, 1, 14, 6, 10
5_19_10 6, 14, 2, 10, 15
8_1_12 7, 15, 3, 11, 8, 16, 4, 12
4_16_18 13, 5, 9, 1
6_1_18 10, 2, 6, 14, 11, 3
6_31_08 8, 16, 4, 12, 5, 13
7_21_22 13, 5, 9, 1, 14, 6, 10
5_1_16 9, 1, 5, 13, 10
3_18_18 6, 14, 2
6_30_14 11, 3, 7, 15, 4, 12
2_21_22 13, 5
5_29_18 13, 5, 9, 1, 10
7_3_02 2, 10, 14, 6, 11, 3, 7
3_12_08 3, 11, 7
6_20_06 4, 12, 16, 8, 1, 9
4_25_04 5, 13, 1, 9
4_8_06 5, 13, 1, 9
8_25_18 12, 4, 8, 16, 13, 5, 9, 1
3_16_08 4, 12, 8
6_10_10 8, 16, 4, 12, 5, 13
6_30_08 8, 16, 4, 12, 1, 9
8_19_14 8, 16, 4, 12, 9, 1, 5, 13
5_9_08 7, 15, 3, 11, 8
5_9_02 4, 12, 16, 8, 5
1_6_02 15
3_14_16 8, 16, 4
7_25_08 7, 15, 3, 11, 8, 16, 4
7_9_12 9, 1, 5, 13, 10, 2, 6
2_9_22 14, 6
5_5_08 6, 14, 2, 10, 7
2_22_12 4, 12
6_22_20 12, 4, 8, 16, 9, 1
8_16_22 15, 7, 11, 3, 12, 4, 8, 16
8_5_22 13, 5, 9, 1, 14, 6, 10, 2
5_13_10 9, 1, 5, 13, 6
3_7_10 7, 15, 11
2_23_20 12, 4
8_9_08 7, 15, 3, 11, 8, 16, 4, 12
1_29_16 12
3_19_08 5, 13, 9
7_6_14 9, 1, 5, 13, 6, 14, 2
6_1_02 2, 10, 14, 6, 3, 11
8_23_02 3, 11, 15, 7, 4, 12, 16, 8
1_25_22 14
2_29_16 12, 4
2_5_02 3, 11
6_29_16 12, 4, 8, 16, 9, 1
2_29_06 7, 15
3_16_12 6, 14, 10
3_6_16 6, 14, 2
1_9_00 3
5_16_12 10, 2, 6, 14, 11
2_25_18 12, 4
4_4_16 9, 1, 5, 13
1_30_18 9
4_14_00 4,12, 16, 8
6_4_02 2, 10, 14, 6, 15, 7
2_29_00 4,12
4_1_02 2, 10, 14, 6
4_25_22 14, 6, 10, 2
1_25_18 12
5_10_16 11, 3, 7, 15, 8
4_25_12 9, 1, 5, 13
5_19_16 9, 1, 5, 13, 2
2_23_04 4, 12
3_10_16 7, 15, 3
6_10_06 6, 14, 2, 10, 3, 11
1_10_14 6
5_12_02 4, 12, 16, 8, 9
1_18_22 8
4_2_12 7, 15, 3, 11
7_8_00 2, 10, 14, 6, 7, 15, 3
3_30_04 2, 10, 14
8_18_14 8, 16, 4, 12, 9, 1, 5, 13
4_28_08 7, 15, 3, 11
5_3_22 12, 4, 8, 16, 5
2_11_02 4, 12
3_3_10 6, 14, 10
2_1_20 11, 3
1_8_12 12
3_11_14 10, 2, 14
4_14_12 10, 2, 6, 14
8_6_00 2, 10, 14, 6, 3, 11, 15, 7
2_17_06 4, 12
4_16_08 8, 16, 4, 12
2_31_14 11, 3
8_27_00 3, 11, 15, 7, 4, 12, 16, 8
2_13_22 15, 7
5_5_20 12, 4, 8, 16, 13
2_12_12 5, 13
3_2_06 16, 8, 12
3_16_00 16, 8, 4
6_5_00 2, 10, 14, 6, 3, 11
2_19_16 9, 1
4_22_20 12, 4, 8, 16
8_23_02 3, 11, 15, 7, 4, 12, 16, 8
8_19_00 1, 9, 13, 5, 2, 10, 14, 6
2_4_14 4, 12
2_13_04 6, 14
4_2_14 8, 16, 4, 12
1_13_02 5
2_15_12 10, 2
6_20_08 5, 13, 1, 9, 2, 10
3_1_08 5, 13, 1
2_1_10 6, 14
1_16_18 1
8_24_16 10, 2, 6, 14, 11, 3, 7, 15
7_29_02 5, 13, 1, 9, 2, 10, 14
2_15_06 7, 15
6_24_02 3, 11, 15, 7, 16, 8
5_2_22 12, 4, 8, 16, 9
5_5_12 8, 16, 4, 12, 9
2_21_00 2, 10
1_29_02 5
1_28_10 12
7_13_16 12, 4, 8, 16, 9, 1, 5
2_17_06 4, 12
3_30_18 9, 1, 5
8_17_18 10, 2, 6, 14, 11, 3, 7, 15
5_17_20 11, 3, 7, 15, 12
3_20_06 16, 8, 4
1_19_18 2
4_17_22 12, 4, 8, 16
2_16_10 5, 13
1_16_08 12
1_3_00 9
5_28_18 12, 4, 8, 16, 1
7_30_08 8, 16, 4, 12, 1, 9, 13
7_9_08 7, 15, 3, 11, 8, 16, 4
7_22_08 6, 14, 2, 10, 3, 11, 15
4_20_18 10, 2, 6, 14
4_27_02 4, 12, 16, 8
5_2_12 7, 15, 3, 11, 4
5_25_16 11, 3, 7, 15, 12
6_5_06 5, 13, 1, 9, 6, 14
8_9_04 5, 13, 1, 9, 6, 14, 2, 10
7_27_20 13, 5, 9, 1, 6, 14, 2
8_8_10 7, 15, 3, 11, 8, 16, 4, 12
5_20_18 10, 2, 6, 14, 15
6_19_10 6, 14, 2, 10, 7, 15
2_1_06 4, 12
3_1_14 8, 16, 4
3_21_08 6, 14, 2
3_26_12 5, 13, 1
4_11_14 10, 2, 6, 14
6_24_06 5, 13, 1, 9, 2, 10
4_25_04 5, 13, 1, 9
3_2_08 1, 9, 13
1_17_16 9
1_4_16 13
2_10_06 2, 10
4_3_14 8, 16, 4, 12
4_8_10 7, 15, 3, 11
1_28_16 15
6_26_04 5, 13, 1, 9, 2, 10
8_5_00 2, 10, 14, 6, 3, 11, 15, 7
8_9_16 11, 3, 7, 15, 12, 4, 8, 16
7_23_12 8, 16, 4, 12, 1, 9, 13
6_22_02 3, 11, 15, 7, 16, 8
1_2_22 8
7_8_00 2, 10, 14, 6, 7, 15, 3
2_21_02 3, 11
5_12_22 14, 6, 10, 2, 3
8_1_20 11, 3, 7, 15, 12, 4, 8, 16
1_31_20 6
4_6_06 5, 13, 1, 9
7_7_10 7, 15, 3, 11, 16, 8, 12
1_27_04 13
5_7_06 5, 13, 1, 9, 14
1_20_06 8
7_13_14 11, 3, 7, 15, 8, 16, 4
2_2_02 14, 6
1_25_16 11
2_3_06 4, 12
2_10_18 8, 16
6_11_18 12, 4, 8, 16, 13, 5
7_31_14 11, 3, 7, 15, 16, 8, 12
1_28_14 14
6_25_04 5, 13, 1, 9, 6, 14
1_12_16 15
7_23_08 6, 14, 2, 10, 15, 7, 11
8_27_22 14, 6, 10, 2, 15, 7, 11, 3
3_22_10 3, 11, 15
4_20_22 12, 4, 8, 16
5_1_02 2, 10, 14, 6, 3
7_28_12 9, 1, 5, 13, 14, 6, 10
8_30_10 9, 1, 5, 13, 6, 14, 2, 10
2_1_00 1, 9
1_10_20 9
2_11_22 14, 6
5_19_04 3, 11, 15, 7, 12
2_23_20 12, 4
1_21_20 12
3_15_22 15, 7, 3
7_10_10 8, 16, 4, 12, 5, 13, 1
2_31_10 9, 1
5_2_02 2, 10, 14, 6, 15
4_21_10 7, 15, 3, 11
2_3_04 3, 11
1_27_12 1
8_13_06 7, 15, 3, 11, 4, 12, 16, 8
6_23_04 4, 12, 16, 8, 5, 13
5_22_06 5, 13, 1, 9, 2
5_22_06 5, 13, 1, 9, 2
6_26_20 13, 5, 9, 1, 10, 2
7_20_12 7, 15, 3, 11, 12, 4, 8
3_3_18 10, 2, 14
1_19_08 13
7_17_20 11, 3, 7, 15, 12, 4, 8
5_14_16 12, 4, 8, 16, 5
8_29_16 12, 4, 8, 16, 9, 1, 5, 13
7_24_10 7, 15, 3, 11, 12, 4, 8
3_20_10 2, 10, 6
7_17_16 9, 1, 5, 13, 10, 2, 6
4_27_18 12, 4, 8, 16
1_14_02 1
4_29_16 12, 4, 8, 16
4_13_04 6, 14, 2, 10
5_2_06 4, 12, 16, 8, 1
4_4_02 2, 10, 14, 6
1_24_16 14
7_30_14 11, 3, 7, 15, 4, 12, 16
2_17_04 3, 11
5_18_00 1, 9, 13, 5, 14
5_30_18 13, 5, 9, 1, 6
2_16_00 16, 8
6_18_20 11, 3, 7, 15, 8, 16
4_20_08 5, 13, 1, 9
2_16_22 11, 3
8_11_08 7, 15, 3, 11, 8, 16, 4, 12
3_1_22 12, 4, 8
4_24_12 8, 16, 4, 12
2_16_04 2, 10
7_19_16 9, 1, 5, 13, 2, 10, 14
1_26_12 5
2_11_22 14, 6
6_24_20 12, 4, 8, 16, 9, 1
8_7_14 9, 1, 5, 13, 10, 2, 6, 14
8_7_18 11, 3, 7, 15, 12, 4, 8, 16
6_24_16 10, 2, 6, 14, 7, 15
6_2_12 7, 15, 3, 11, 4, 12
4_9_02 4, 12, 16, 8
4_9_18 12, 4, 8, 16
2_10_20 9, 1
7_9_10 8, 16, 4, 12, 9, 1, 5
4_17_12 7, 15, 3, 11
1_12_04 9
3_10_10 4, 12, 16
3_1_04 3, 11, 15
5_21_18 11, 3, 7, 15, 12
6_10_06 6, 14, 2, 10, 3, 11
6_9_14 10, 2, 6, 14, 11, 3
3_3_06 4, 12, 8
3_19_16 9, 1, 13
7_11_14 10, 2, 6, 14, 3, 11, 15
4_9_16 11, 3, 7, 15
3_19_18 10, 2, 14
3_9_10 8, 16, 4
8_10_14 10, 2, 6, 14, 11, 3, 7, 15
4_24_02 3, 11, 15, 7
7_25_18 12, 4, 8, 16, 13, 5, 9
2_2_22 8, 16
1_8_22 1
7_15_02 5, 13, 1, 9, 10, 2, 6
3_22_04 16, 8, 12
2_2_16 5, 13
7_6_00 2, 10, 14, 6, 15, 7, 11
7_19_06 4, 12, 16, 8, 13, 5, 9
7_5_18 11, 3, 7, 15, 12, 4, 8
2_26_18 8, 16
2_31_10 9, 1
6_17_14 8, 16, 4, 12, 9, 1
5_25_16 11, 3, 7, 15, 12
1_28_08 11
4_5_22 13, 5, 9, 1
4_30_18 13, 5, 9, 1
8_30_00 4, 12, 16, 8, 1, 9, 13, 5
6_3_22 12, 4, 8, 16, 13, 5
5_5_18 11, 3, 7, 15, 12
3_6_16 6, 14, 2
7_21_22 13, 5, 9, 1, 14, 6, 10
7_16_18 13, 5, 9, 1, 14, 6, 10
8_25_10 8, 16, 4, 12, 9, 1, 5, 13
3_8_18 7, 15, 11
8_19_20 11, 3, 7, 15, 12, 4, 8, 16
4_28_12 9, 1, 5, 13
2_9_14 10, 2
6_1_02 2, 10, 14, 6, 3, 11
1_8_04 8
5_13_06 7, 15, 3, 11, 4
4_12_04 5, 13, 1, 9
2_6_12 4, 12
3_1_04 3, 11, 15
1_25_00 3
5_5_14 9, 1, 5, 13, 10
6_27_14 10, 2, 6, 14, 11, 3
6_4_06 4, 12, 16, 8, 1, 9
7_26_16 11, 3, 7, 15, 8, 16, 4
1_1_08 5
4_11_22 14, 6, 10, 2
5_9_00 3, 11, 15, 7, 4
2_8_04 16, 8
5_23_02 3, 11, 15, 7, 12
4_25_12 9, 1, 5, 13
5_20_08 5, 13, 1, 9, 10
4_1_18 10, 2, 6, 14
8_24_10 7, 15, 3, 11, 8, 16, 4, 12
6_27_06 6, 14, 2, 10, 7, 15
7_1_18 10, 2, 6, 14, 11, 3, 7
4_27_22 14, 6, 10, 2
2_2_14 4, 12
8_8_06 5, 13, 1, 9, 6, 14, 2, 10
4_14_06 7, 15, 3, 11
6_10_08 7, 15, 3, 11, 4, 12
5_24_08 6, 14, 2, 10, 11
2_12_16 7, 15
1_11_22 6
4_19_20 11, 3, 7, 15
4_31_08 8, 16, 12
7_5_20 12, 4, 8, 16, 13, 5, 9
1_19_22 4
4_13_08 8, 16, 4, 12
3_9_00 3, 11, 15
1_1_18 10
8_8_14 9, 1, 5, 13, 10, 2, 6, 14
5_7_14 9, 1, 5, 13, 2
1_9_02 4
5_17_06 4, 12, 16, 8, 5
2_18_22 8, 16
5_18_10 6, 14, 2, 10, 3
4_27_16 11, 3, 7, 15
3_12_08 3, 11, 7
6_1_18 10, 2, 6, 14, 11, 3
3_25_18 12, 4, 8
2_4_16 5, 13
2_25_08 7, 15
6_11_04 5, 13, 1, 9, 6, 14
5_7_22 13, 5, 9, 1, 6
4_9_06 6, 14, 2, 10
5_21_18 11, 3, 7, 15, 12
4_9_14 10, 2, 6, 14
1_5_04 4
3_20_14 4, 12, 8
6_30_04 6, 14, 2, 10, 15, 7
4_24_18 11, 3, 7, 15
5_8_04 4, 12, 16, 8, 9
4_18_14 8, 16, 4, 12
6_28_08 7, 15, 3, 11, 4, 12
1_1_14 8
8_7_20 12, 4, 8, 16, 13, 5, 9, 1
7_10_06 6, 14, 2, 10, 3, 11, 15
8_7_08 6, 14, 2, 10, 7, 15, 3, 11
3_15_12 10, 2, 14
8_18_16 9, 1, 5, 13, 10, 2, 6, 14
8_28_22 14, 6, 10, 2, 15, 7, 11, 3
1_7_16 2
4_10_18 12, 4, 8, 16
5_20_10 6, 14, 2, 10, 11
4_23_18 11, 3, 7, 15
7_30_04 6, 14, 2, 10, 15, 7, 11
4_16_16 12, 4, 8, 16
6_18_12 7, 15, 3, 11, 4, 12
7_29_14 11, 3, 7, 15, 8, 16, 4
4_20_14 8, 16, 4, 12
1_16_10 13
8_30_02 5, 13, 1, 9, 2, 10, 14, 6
6_16_16 12, 4, 8, 16, 5, 13
3_30_10 5, 13, 1
1_3_02 10
1_16_06 11
8_3_02 2, 10, 14, 6, 3, 11, 15, 7
7_12_16 11, 3, 7, 15, 16, 8, 12
6_10_20 13, 5, 9, 1, 10, 2
1_23_02 11
4_18_04 3, 11, 15, 7
1_4_06 8
6_21_02 3, 11, 15, 7, 4, 12
3_16_22 11, 3, 15
6_31_18 13, 5, 9, 1, 10, 2
2_24_06 1, 9
1_29_20 14
7_17_06 4, 12, 16, 8, 5, 13, 1
8_12_04 5, 13, 1, 9, 6, 14, 2, 10
2_17_06 4, 12
3_8_04 16, 8, 4
1_1_16 9
3_3_08 5, 13, 9
8_6_08 6, 14, 2, 10, 7, 15, 3, 11
2_20_06 16, 8
1_12_10 12
5_15_00 4, 12, 16, 8, 9
2_18_22 8, 16
5_29_22 15, 7, 11, 3, 12
5_13_18 13, 5, 9, 1, 10
5_24_08 6, 14, 2, 10, 11
8_28_14 10, 2, 6, 14, 11, 3, 7, 15
8_12_12 9, 1, 5, 13, 10, 2, 6, 14
7_26_12 9, 1, 5, 13, 6, 14, 2
6_16_08 8, 16, 4, 12, 1, 9
6_3_08 5, 13, 1, 9, 6, 14
5_26_02 4, 12, 16, 8, 1
1_8_16 14
3_17_10 6, 14, 2
4_2_00 1, 9, 13, 5
3_30_22 11, 3, 7
7_31_20 14, 6, 10, 2, 3, 11, 15
3_20_08 1, 9, 5
4_8_14 9, 1, 5, 13
6_6_00 2, 10, 14, 6, 15, 7
5_13_02 5, 13, 1, 9, 2
2_20_02 14, 6
7_17_12 7, 15, 3, 11, 8, 16, 4
4_6_08 6, 14, 2, 10
8_24_22 13, 5, 9, 1, 14, 6, 10, 2
2_24_20 8, 16
6_7_02 3, 11, 15, 7, 4, 12
2_5_06 5, 13
1_15_00 12
3_4_22 8, 16, 12
4_23_14 9, 1, 5, 13
6_3_00 1, 9, 13, 5, 2, 10
4_1_08 5, 13, 1, 9
6_4_12 7, 15, 3, 11, 4, 12
4_3_06 4, 12, 16, 8
8_8_20 12, 4, 8, 16, 13, 5, 9, 1
6_21_02 3, 11, 15, 7, 4, 12
3_25_20 13, 5, 9
3_31_06 7, 15, 11
8_13_04 6, 14, 2, 10, 3, 11, 15, 7
8_16_00 4, 12, 16, 8, 1, 9, 13, 5
8_22_18 11, 3, 7, 15, 12, 4, 8, 16
3_10_20 9, 1, 5
4_4_06 4, 12, 16, 8
2_22_20 8, 16
2_23_18 11, 3
3_25_16 11, 3, 7
6_3_04 3, 11, 15, 7, 4, 12
8_13_12 10, 2, 6, 14, 7, 15, 3, 11
5_22_00 2, 10, 14, 6, 15
8_16_20 14, 6, 10, 2, 11, 3, 7, 15
3_6_20 8, 16, 4
8_31_16 12, 4, 8, 16, 9, 1, 5, 13
8_29_04 6, 14, 2, 10, 3, 11, 15, 7
1_2_14 4
7_19_16 9, 1, 5, 13, 2, 10, 14
6_27_06 6, 14, 2, 10, 7, 15
5_9_16 11, 3, 7, 15, 12
4_27_00 3, 11, 15, 7
8_25_10 8, 16, 4, 12, 9, 1, 5, 13
4_9_22 14, 6, 10, 2
8_3_00 1, 9, 13, 5, 2, 10, 14, 6
1_19_12 15
2_5_08 6, 14
5_1_06 4, 12, 16, 8, 5
6_8_16 10, 2, 6, 14, 7, 15
8_12_16 11, 3, 7, 15, 12, 4, 8, 16
5_15_14 11, 3, 7, 15, 16
1_31_20 6
4_4_12 7, 15, 3, 11
5_4_22 12, 4, 8, 16, 1
3_21_18 11, 3, 7
4_19_16 9, 1, 5, 13
5_20_00 1, 9, 13, 5, 6
6_2_20 11, 3, 7, 15, 8, 16
2_24_16 6, 14
5_10_14 10, 2, 6, 14, 7
5_6_08 6, 14, 2, 10, 3
1_28_06 10
1_24_08 10
3_22_20 8, 16, 4
2_18_18 6, 14
2_10_10 4, 12
7_7_06 5, 13, 1, 9, 14, 6, 10
8_14_02 5, 13, 1, 9, 2, 10, 14, 6
8_24_22 13, 5, 9, 1, 14, 6, 10, 2
5_25_20 13, 5, 9, 1, 14
5_1_16 9, 1, 5, 13, 10
6_4_12 7, 15, 3, 11, 4, 12
1_21_10 7
6_7_22 13, 5, 9, 1, 14, 6
8_27_00 3, 11, 15, 7, 4, 12, 16, 8
5_1_00 1, 9, 13, 5, 2
1_12_22 2
4_11_22 14, 6, 10, 2
4_17_02 2, 10, 14, 6
7_18_22 12, 4, 8, 16, 9, 1, 5
2_20_22 8, 16
8_20_22 12, 4, 8, 16, 13, 5, 9, 1
1_7_22 5
5_20_08 5, 13, 1, 9, 10
2_10_18 8, 16
4_12_16 11, 3, 7, 15
6_2_06 4, 12, 16, 8, 1, 9
4_21_06 5, 13, 1, 9
1_27_10 16
8_4_00 1, 9, 13, 5, 2, 10, 14, 6
7_21_12 8, 16, 4, 12, 9, 1, 5
5_3_12 7, 15, 3, 11, 16
2_6_16 6, 14
2_17_12 7, 15
4_12_16 11, 3, 7, 15
7_18_08 5, 13, 1, 9, 2, 10, 14
5_10_12 9, 1, 5, 13, 6
2_9_06 6, 14
7_13_18 13, 5, 9, 1, 10, 2, 6
8_15_22 15, 7, 11, 3, 12, 4, 8, 16
1_24_18 15
4_16_04 6, 14, 2, 10
2_12_04 1, 9
2_21_10 7, 15
7_4_14 8, 16, 4, 12, 13, 5, 9
6_16_00 4, 12, 16, 8, 13, 5
5_17_08 5, 13, 1, 9, 6
8_10_02 4, 12, 16, 8, 5, 13, 1, 9
8_7_04 4, 12, 16, 8, 5, 13, 1, 9
7_12_20 13, 5, 9, 1, 2, 10, 14
1_8_06 9
2_23_14 9, 1
1_22_10 3
5_10_08 7, 15, 3, 11, 4
6_24_14 9, 1, 5, 13, 6, 14
8_16_12 10, 2, 6, 14, 7, 15, 3, 11
7_8_12 8, 16, 4, 12, 13, 5, 9
8_9_08 7, 15, 3, 11, 8, 16, 4, 12
2_21_22 13, 5
7_17_06 4, 12, 16, 8, 5, 13, 1
3_27_08 7, 15, 11
8_25_08 7, 15, 3, 11, 8, 16, 4, 12
2_21_18 11, 3
7_12_00 3, 11, 15, 7, 8, 16, 4
2_10_10 4, 12
5_16_06 7, 15, 3, 11, 8
7_28_22 14, 6, 10, 2, 3, 11, 15
5_27_20 13, 5, 9, 1, 6
7_25_20 13, 5, 9, 1, 14, 6, 10
4_4_14 8, 16, 4, 12
8_13_22 15, 7, 11, 3, 12, 4, 8, 16
2_8_06 1, 9
6_13_02 5, 13, 1, 9, 2, 10
5_18_20 11, 3, 7, 15, 8
3_29_12 10, 2, 6
3_27_22 14, 6, 2
3_19_18 10, 2, 14
8_6_06 5, 13, 1, 9, 6, 14, 2, 10
4_18_02 2, 10, 14, 6
3_4_08 1, 9, 5
1_7_04 12
7_31_20 14, 6, 10, 2, 3, 11, 15
1_18_04 15
8_24_06 5, 13, 1, 9, 6, 14, 2, 10
7_26_14 10, 2, 6, 14, 7, 15, 3
7_2_10 6, 14, 2, 10, 3, 11, 15
3_23_22 13, 5, 1
6_22_22 13, 5, 9, 1, 10, 2
7_18_06 4, 12, 16, 8, 1, 9, 13
7_26_20 13, 5, 9, 1, 10, 2, 6
8_31_18 13, 5, 9, 1, 10, 2, 6, 14
4_8_02 3, 11, 15, 7
4_8_16 10, 2, 6, 14
2_9_22 14, 6
7_24_20 12, 4, 8, 16, 1, 9, 13
5_18_20 11, 3, 7, 15, 8
8_22_06 5, 13, 1, 9, 6, 14, 2, 10
4_28_02 4, 12, 16, 8
5_31_16 12, 4, 8, 16, 1
4_9_12 9, 1, 5, 13
7_30_16 12, 4, 8, 16, 5, 13, 1
8_31_20 14, 6, 10, 2, 11, 3, 7, 15
6_29_04 6, 14, 2, 10, 3, 11
5_20_02 2, 10, 14, 6, 7
8_20_04 3, 11, 15, 7, 4, 12, 16, 8
8_29_22 15, 7, 11, 3, 12, 4, 8, 16
6_17_20 11, 3, 7, 15, 12, 4
1_25_20 13
1_17_02 2
4_23_22 13, 5, 9, 1
3_10_20 9, 1, 5
2_28_02 16, 8
4_31_04 6, 14, 2, 10
4_21_22 13, 5, 9, 1
6_25_02 4, 12, 16, 8, 5, 13
5_24_04 4, 12, 16, 8, 9
6_13_08 8, 16, 4, 12, 5, 13
8_3_02 2, 10, 14, 6, 3, 11, 15, 7
7_2_08 5, 13, 1, 9, 2, 10, 14
5_7_14 9, 1, 5, 13, 2
3_6_00 14, 6, 10
7_17_04 3, 11, 15, 7, 4, 12, 16
6_31_18 13, 5, 9, 1, 10, 2
2_7_10 7, 15
3_18_00 13, 5, 9
3_31_12 10, 2, 14
4_12_20 13, 5, 9, 1
1_7_20 4
6_10_20 13, 5, 9, 1, 10, 2
3_9_04 5, 13, 1
8_23_20 12, 4, 8, 16, 13, 5, 9, 1
6_5_04 4, 12, 16, 8, 5, 13
6_8_12 8, 16, 4, 12, 5, 13
5_17_10 6, 14, 2, 10, 7
3_25_10 8, 16, 4
3_4_08 1, 9, 5
1_3_00 9
7_23_12 8, 16, 4, 12, 1, 9, 13
8_29_22 15, 7, 11, 3, 12, 4, 8, 16
3_23_22 13, 5, 1
7_5_18 11, 3, 7, 15, 12, 4, 8
6_15_06 7, 15, 3, 11, 4, 12
6_13_18 13, 5, 9, 1, 10, 2
8_28_04 5, 13, 1, 9, 6, 14, 2, 10
7_30_02 5, 13, 1, 9, 14, 6, 10
6_28_10 8, 16, 4, 12, 5, 13
1_20_08 9
2_26_12 5, 13
4_22_18 11, 3, 7, 15
2_28_18 8, 16
4_15_12 10, 2, 6, 14
8_24_04 4, 12, 16, 8, 5, 13, 1, 9
8_10_00 3, 11, 15, 7, 4, 12, 16, 8
5_21_00 2, 10, 14, 6, 3
7_4_14 8, 16, 4, 12, 13, 5, 9
2_1_22 12, 4
8_20_18 10, 2, 6, 14, 11, 3, 7, 15
3_25_06 6, 14, 2
3_10_18 8, 16, 4
4_9_02 4, 12, 16, 8
2_28_18 8, 16
6_30_00 4, 12, 16, 8, 13, 5
4_25_00 3, 11, 15, 7
7_13_10 9, 1, 5, 13, 6, 14, 2
6_20_06 4, 12, 16, 8, 1, 9
5_2_00 1, 9, 13, 5, 14
1_1_16 9
4_15_00 4,12, 16, 8
8_13_12 10, 2, 6, 14, 7, 15, 3, 11
4_15_20 14, 6, 10, 2
2_27_08 7, 15
4_6_22 13, 5, 9, 1
3_28_10 4, 12, 8
7_10_08 7, 15, 3, 11, 4, 12, 16
7_16_08 8, 16, 4, 12, 9, 1, 5
4_28_02 4, 12, 16, 8
3_1_18 10, 2, 6
8_13_00 4, 12, 16, 8, 1, 9, 13, 5
6_14_14 11, 3, 7, 15, 4, 12
5_30_20 14, 6, 10, 2, 7
3_19_10 6, 14, 10
3_21_08 6, 14, 2
7_25_12 9, 1, 5, 13, 10, 2, 6
6_13_14 11, 3, 7, 15, 8, 16
3_19_20 11, 3, 15
5_12_06 6, 14, 2, 10, 11
6_30_18 13, 5, 9, 1, 6, 14
2_27_12 9, 1
6_13_18 13, 5, 9, 1, 10, 2
4_9_04 5, 13, 1, 9
1_28_06 10
4_31_14 11, 3, 7, 15
7_13_22 15, 7, 11, 3, 12, 4, 8
2_5_22 13, 5
7_14_10 9, 1, 5, 13, 2, 10, 14
5_3_16 9, 1, 5, 13, 2
2_8_10 3, 11
2_21_16 10, 2
8_9_20 13, 5, 9, 1, 14, 6, 10, 2
3_17_04 3, 11, 15
3_31_00 4,12, 8
6_1_22 12, 4, 8, 16, 13, 5
3_26_18 8, 16, 4
6_17_10 6, 14, 2, 10, 7, 15
6_1_10 6, 14, 2, 10, 7, 15
4_8_14 9, 1, 5, 13
3_2_16 5, 13, 1
6_29_20 14, 6, 10, 2, 11, 3
1_18_14 4
7_18_02 2, 10, 14, 6, 15, 7, 11
6_2_18 10, 2, 6, 14, 7, 15
5_10_12 9, 1, 5, 13, 6
3_24_02 15, 7, 3
4_27_02 4, 12, 16, 8
8_1_16 9, 1, 5, 13, 10, 2, 6, 14
2_14_20 10, 2
1_30_22 11
6_28_22 14, 6, 10, 2, 11, 3
8_20_14 8, 16, 4, 12, 9, 1, 5, 13
4_5_00 2, 10, 14, 6
5_23_00 2, 10, 14, 6, 11
6_29_10 9, 1, 5, 13, 6, 14
7_12_10 8, 16, 4, 12, 13, 5, 9
5_15_14 11, 3, 7, 15, 16
5_22_10 7, 15, 3, 11, 4
6_10_12 9, 1, 5, 13, 6, 14
2_24_22 9, 1
4_26_20 13, 5, 9, 1
4_11_14 10, 2, 6, 14
1_17_04 3
1_2_04 15
1_30_10 5
5_9_04 5, 13, 1, 9, 6
2_16_06 3, 11
1_6_10 3
7_25_02 4, 12, 16, 8, 5, 13, 1
7_7_08 6, 14, 2, 10, 15, 7, 11
6_8_04 4, 12, 16, 8, 1, 9
2_9_12 9, 1
4_6_12 8, 16, 4, 12
6_11_16 11, 3, 7, 15, 12, 4
5_8_10 7, 15, 3, 11, 12
8_31_08 8, 16, 4, 12, 5, 13, 1, 9
3_12_08 3, 11, 7
7_24_10 7, 15, 3, 11, 12, 4, 8
4_27_04 5, 13, 1, 9
7_6_02 3, 11, 15, 7, 16, 8, 12
7_1_14 8, 16, 4, 12, 9, 1, 5
3_24_06 1, 9, 5
2_10_08 3, 11
7_26_22 14, 6, 10, 2, 11, 3, 7
3_19_02 2, 10, 6
4_7_00 2, 10, 14, 6
5_16_10 9, 1, 5, 13, 10
7_23_00 2, 10, 14, 6, 11, 3, 7
5_4_20 11, 3, 7, 15, 16
7_25_22 14, 6, 10, 2, 15, 7, 11
6_25_16 11, 3, 7, 15, 12, 4
6_5_22 13, 5, 9, 1, 14, 6
1_5_00 2
4_19_22 12, 4, 8, 16
6_17_14 8, 16, 4, 12, 9, 1
1_15_10 1
2_14_20 10, 2
2_5_18 11, 3
6_25_20 13, 5, 9, 1, 14, 6
6_9_16 11, 3, 7, 15, 12, 4
5_20_12 7, 15, 3, 11, 12
7_6_06 5, 13, 1, 9, 2, 10, 14
6_13_18 13, 5, 9, 1, 10, 2
7_26_02 4, 12, 16, 8, 1, 9, 13
3_17_18 10, 2, 6
2_14_00 16, 8
1_11_14 2
6_26_16 11, 3, 7, 15, 8, 16
6_16_22 15, 7, 11, 3, 8, 16
6_12_20 13, 5, 9, 1, 10, 2
4_23_02 3, 11, 15, 7
8_1_20 11, 3, 7, 15, 12, 4, 8, 16
3_27_10 8, 16, 12
1_16_06 11
4_28_22 14, 6, 10, 2
7_23_16 10, 2, 6, 14, 3, 11, 15
4_11_12 9, 1, 5, 13
2_6_22 9, 1
4_20_20 11, 3, 7, 15
5_4_08 5, 13, 1, 9, 10
2_21_10 7, 15
5_27_14 10, 2, 6, 14, 3
4_7_12 8, 16, 4, 12
8_29_04 6, 14, 2, 10, 3, 11, 15, 7
4_15_20 14, 6, 10, 2
1_10_10 4
8_4_20 11, 3, 7, 15, 12, 4, 8, 16
6_24_18 11, 3, 7, 15, 8, 16
3_10_08 3, 11, 15
5_30_16 12, 4, 8, 16, 5
4_1_14 8, 16, 4, 12
8_11_14 10, 2, 6, 14, 11, 3, 7, 15
5_17_08 5, 13, 1, 9, 6
8_30_20 14, 6, 10, 2, 11, 3, 7, 15
8_3_08 5, 13, 1, 9, 6, 14, 2, 10
4_19_06 4, 12, 16, 8
2_17_10 6, 14
2_3_10 6, 14
8_1_10 6, 14, 2, 10, 7, 15, 3, 11
1_13_04 6
2_8_16 6, 14
4_1_12 7, 15, 3, 11
5_20_08 5, 13, 1, 9, 10
1_16_12 14
6_15_22 15, 7, 11, 3, 12, 4
8_10_10 8, 16, 4, 12, 9, 1, 5, 13
1_22_00 14
4_25_06 6, 14, 2, 10
2_28_10 4, 12
8_23_12 8, 16, 4, 12, 9, 1, 5, 13
3_1_00 1, 9, 13
8_15_20 14, 6, 10, 2, 11, 3, 7, 15
1_20_08 9
2_8_04 16, 8
1_12_02 8
3_13_00 4,12, 16
6_1_04 3, 11, 15, 7, 4, 12
4_3_10 6, 14, 2, 10
2_5_16 10, 2
7_15_20 14, 6, 10, 2, 3, 11, 15
2_7_18 11, 3
4_22_20 12, 4, 8, 16
4_11_08 7, 15, 3, 11
7_18_20 11, 3, 7, 15, 8, 16, 4
3_6_06 1, 9, 13
8_7_18 11, 3, 7, 15, 12, 4, 8, 16
4_6_16 10, 2, 6, 14
4_21_00 2, 10, 14, 6
2_3_00 1, 9
5_20_10 6, 14, 2, 10, 11
3_12_18 8, 16, 12
6_23_16 10, 2, 6, 14, 11, 3
1_20_12 11
3_1_00 1, 9, 13
2_25_18 12, 4
7_12_22 14, 6, 10, 2, 3, 11, 15
8_2_10 6, 14, 2, 10, 7, 15, 3, 11
4_31_00 4,12, 16, 8
4_20_22 12, 4, 8, 16
1_16_18 1
3_4_18 6, 14, 10
3_30_04 2, 10, 14
6_9_18 12, 4, 8, 16, 13, 5
4_18_18 10, 2, 6, 14
2_30_14 7, 15
2_4_12 3, 11
1_18_18 6
5_26_10 8, 16, 4, 12, 5
8_25_20 13, 5, 9, 1, 14, 6, 10, 2
4_2_12 7, 15, 3, 11
1_22_14 5
5_28_12 9, 1, 5, 13, 14
4_24_02 3, 11, 15, 7
2_2_12 3, 11
7_18_04 3, 11, 15, 7, 16, 8, 12
4_13_22 15, 7, 11, 3
8_21_16 10, 2, 6, 14, 11, 3, 7, 15
6_4_04 3, 11, 15, 7, 16, 8
4_4_10 6, 14, 2, 10
5_25_18 12, 4, 8, 16, 13
7_31_08 8, 16, 4, 12, 13, 5, 9
3_30_06 3, 11, 15
2_11_20 13, 5
6_17_22 12, 4, 8, 16, 13, 5
6_30_10 9, 1, 5, 13, 2, 10
4_17_10 6, 14, 2, 10
3_10_18 8, 16, 4
4_10_16 11, 3, 7, 15
2_11_08 7, 15
2_3_06 4, 12
6_15_00 4, 12, 16, 8, 1, 9
5_22_18 11, 3, 7, 15, 8
1_11_22 6
1_11_20 5
2_15_10 9, 1
4_29_12 10, 2, 6, 14
5_6_12 8, 16, 4, 12, 5
5_14_04 6, 14, 2, 10, 15
8_16_14 11, 3, 7, 15, 8, 16, 4, 12
2_3_06 4, 12
8_4_18 10, 2, 6, 14, 11, 3, 7, 15
6_26_12 9, 1, 5, 13, 6, 14
2_11_04 5, 13
3_1_12 7, 15, 3
5_20_16 9, 1, 5, 13, 14
2_5_16 10, 2
2_19_18 10, 2
4_10_06 6, 14, 2, 10
5_24_16 10, 2, 6, 14, 15
7_14_02 5, 13, 1, 9, 14, 6, 10
1_20_20 15
5_5_06 5, 13, 1, 9, 6
7_16_16 12, 4, 8, 16, 13, 5, 9
1_29_12 10
3_5_20 12, 4, 8
4_17_08 5, 13, 1, 9
6_30_20 14, 6, 10, 2, 7, 15
4_11_20 13, 5, 9, 1
6_15_06 7, 15, 3, 11, 4, 12
4_12_16 11, 3, 7, 15
5_2_04 3, 11, 15, 7, 16
7_27_18 12, 4, 8, 16, 5, 13, 1
8_17_00 1, 9, 13, 5, 2, 10, 14, 6
4_7_08 6, 14, 2, 10
2_25_22 14, 6
1_18_10 2
4_18_08 5, 13, 1, 9
4_25_14 10, 2, 6, 14
6_25_22 14, 6, 10, 2, 15, 7
8_30_14 11, 3, 7, 15, 8, 16, 4, 12
5_28_10 8, 16, 4, 12, 13
4_23_06 5, 13, 1, 9
4_10_22 14, 6, 10, 2
1_24_08 10
4_11_04 5, 13, 1, 9
2_6_08 2, 10
3_9_00 3, 11, 15
2_14_06 3, 11
7_25_06 6, 14, 2, 10, 7, 15, 3
5_31_18 13, 5, 9, 1, 2
5_2_08 5, 13, 1, 9, 2
1_25_10 8
3_18_22 8, 16, 4
2_7_08 6, 14
6_29_10 9, 1, 5, 13, 6, 14
7_16_04 6, 14, 2, 10, 7, 15, 3
2_6_16 6, 14
4_26_18 12, 4, 8, 16
7_24_06 5, 13, 1, 9, 10, 2, 6
1_30_04 2
6_27_22 14, 6, 10, 2, 15, 7
7_11_12 9, 1, 5, 13, 2, 10, 14
2_6_10 3, 11
5_19_16 9, 1, 5, 13, 2
5_28_12 9, 1, 5, 13, 14
7_16_20 14, 6, 10, 2, 15, 7, 11
6_23_02 3, 11, 15, 7, 4, 12
8_16_22 15, 7, 11, 3, 12, 4, 8, 16
7_14_20 14, 6, 10, 2, 7, 15, 3
2_2_10 2, 10
7_5_04 4, 12, 16, 8, 5, 13, 1
5_26_10 8, 16, 4, 12, 5
7_1_00 1, 9, 13, 5, 2, 10, 14
6_30_08 8, 16, 4, 12, 1, 9
1_1_02 2
7_24_14 9, 1, 5, 13, 14, 6, 10
2_27_20 13, 5
8_28_10 8, 16, 4, 12, 9, 1, 5, 13
5_30_00 4, 12, 16, 8, 13
2_16_18 9, 1
3_5_06 5, 13, 1
7_15_18 13, 5, 9, 1, 2, 10, 14
2_24_20 8, 16
6_24_04 4, 12, 16, 8, 1, 9
7_10_12 9, 1, 5, 13, 6, 14, 2
1_9_10 8
6_18_06 4, 12, 16, 8, 1, 9
8_18_20 11, 3, 7, 15, 12, 4, 8, 16
4_8_14 9, 1, 5, 13
3_1_20 11, 3, 7
2_26_00 15, 7
2_6_16 6, 14
7_26_04 5, 13, 1, 9, 2, 10, 14
3_21_16 10, 2, 6
6_7_14 9, 1, 5, 13, 10, 2
8_14_04 6, 14, 2, 10, 3, 11, 15, 7
7_28_20 13, 5, 9, 1, 2, 10, 14
8_26_20 13, 5, 9, 1, 14, 6, 10, 2
7_31_06 7, 15, 3, 11, 12, 4, 8
1_31_20 6
3_25_00 3, 11, 15
3_3_20 11, 3, 15
6_10_20 13, 5, 9, 1, 10, 2
4_23_08 6, 14, 2, 10
6_12_12 9, 1, 5, 13, 6, 14
3_6_00 14, 6, 10
4_16_20 14, 6, 10, 2
5_16_02 5, 13, 1, 9, 6
3_22_16 6, 14, 2
1_31_06 15
2_12_12 5, 13
2_29_06 7, 15
4_27_12 9, 1, 5, 13
6_14_18 13, 5, 9, 1, 6, 14
8_23_08 6, 14, 2, 10, 7, 15, 3, 11
6_13_20 14, 6, 10, 2, 11, 3
6_27_14 10, 2, 6, 14, 11, 3
8_8_08 6, 14, 2, 10, 7, 15, 3, 11
2_6_00 14, 6
7_27_14 10, 2, 6, 14, 3, 11, 15
8_25_16 11, 3, 7, 15, 12, 4, 8, 16
2_21_02 3, 11
3_26_02 16, 8, 12
2_12_10 4, 12
6_28_02 4, 12, 16, 8, 1, 9
6_20_00 1, 9, 13, 5, 14, 6
2_26_06 2, 10
2_24_00 14, 6
6_16_06 7, 15, 3, 11, 16, 8
2_13_02 5, 13
3_9_12 9, 1, 5
3_20_04 15, 7, 3
4_31_04 6, 14, 2, 10
5_12_08 7, 15, 3, 11, 12
8_11_06 6, 14, 2, 10, 7, 15, 3, 11
1_16_10 13
6_22_00 2, 10, 14, 6, 15, 7
6_1_14 8, 16, 4, 12, 9, 1
1_2_14 4
5_25_10 8, 16, 4, 12, 9
5_29_10 9, 1, 5, 13, 6
6_1_14 8, 16, 4, 12, 9, 1
4_18_10 6, 14, 2, 10
1_31_12 2
3_6_20 8, 16, 4
1_11_14 2
7_12_16 11, 3, 7, 15, 16, 8, 12
1_28_02 8
3_5_22 13, 5, 9
6_1_10 6, 14, 2, 10, 7, 15
5_19_08 5, 13, 1, 9, 14
2_14_20 10, 2
8_14_18 13, 5, 9, 1, 10, 2, 6, 14
3_3_20 11, 3, 15
5_11_08 7, 15, 3, 11, 16
8_31_06 7, 15, 3, 11, 4, 12, 16, 8
1_31_02 13
7_29_22 15, 7, 11, 3, 12, 4, 8
6_27_18 12, 4, 8, 16, 13, 5
1_22_02 15
3_21_18 11, 3, 7
7_30_18 13, 5, 9, 1, 6, 14, 2
5_18_00 1, 9, 13, 5, 14
5_2_20 11, 3, 7, 15, 8
8_3_04 3, 11, 15, 7, 4, 12, 16, 8
1_12_22 2
8_22_06 5, 13, 1, 9, 6, 14, 2, 10
3_23_06 5, 13, 9
6_20_16 9, 1, 5, 13, 6, 14
8_3_02 2, 10, 14, 6, 3, 11, 15, 7
5_13_12 10, 2, 6, 14, 7
8_26_00 3, 11, 15, 7, 4, 12, 16, 8
1_2_10 2
1_24_22 1
3_5_20 12, 4, 8
8_22_04 4, 12, 16, 8, 5, 13, 1, 9
3_8_00 14, 6, 2
1_20_04 7
8_18_04 3, 11, 15, 7, 4, 12, 16, 8
3_25_08 7, 15, 3
5_30_10 9, 1, 5, 13, 2
4_22_02 3, 11, 15, 7
7_22_20 12, 4, 8, 16, 9, 1, 5
5_6_18 11, 3, 7, 15, 8
2_7_08 6, 14
2_30_20 10, 2
2_15_14 11, 3
6_5_04 4, 12, 16, 8, 5, 13
6_11_12 9, 1, 5, 13, 10, 2
2_28_04 1, 9
5_24_10 7, 15, 3, 11, 12
2_22_06 1, 9
8_26_06 6, 14, 2, 10, 7, 15, 3, 11
3_1_02 2, 10, 14
1_24_06 9
7_3_08 5, 13, 1, 9, 14, 6, 10
6_18_02 2, 10, 14, 6, 15, 7
1_15_16 4
7_3_18 10, 2, 6, 14, 3, 11, 15
1_13_06 7
7_22_00 2, 10, 14, 6, 15, 7, 11
3_5_18 11, 3, 7
7_21_18 11, 3, 7, 15, 12, 4, 8
3_17_04 3, 11, 15
3_2_10 2, 10, 14
7_7_02 3, 11, 15, 7, 12, 4, 8
8_6_14 9, 1, 5, 13, 10, 2, 6, 14
1_17_10 6
5_15_16 12, 4, 8, 16, 1
2_28_02 16, 8
7_15_12 10, 2, 6, 14, 15, 7, 11
1_21_12 8
3_10_00 15, 7, 11
4_11_08 7, 15, 3, 11
1_2_18 6
7_10_20 13, 5, 9, 1, 10, 2, 6
4_15_00 4,12, 16, 8
1_6_16 6
1_8_04 8
8_16_16 12, 4, 8, 16, 9, 1, 5, 13
5_15_08 8, 16, 4, 12, 13
2_4_04 15, 7
4_23_22 13, 5, 9, 1
5_12_16 11, 3, 7, 15, 16
4_27_16 11, 3, 7, 15
3_12_02 16, 8, 4
8_20_10 6, 14, 2, 10, 7, 15, 3, 11
3_26_02 16, 8, 12
3_29_04 6, 14, 2
3_18_18 6, 14, 2
7_19_10 6, 14, 2, 10, 15, 7, 11
8_24_20 12, 4, 8, 16, 13, 5, 9, 1
1_24_22 1
8_27_12 9, 1, 5, 13, 10, 2, 6, 14
4_17_16 9, 1, 5, 13
2_10_12 5, 13
5_14_22 15, 7, 11, 3, 8
6_26_00 3, 11, 15, 7, 16, 8
2_24_00 14, 6
5_15_20 14, 6, 10, 2, 3
2_6_20 8, 16
8_19_10 6, 14, 2, 10, 7, 15, 3, 11
5_15_14 11, 3, 7, 15, 16
7_14_22 15, 7, 11, 3, 8, 16, 4
4_6_16 10, 2, 6, 14
7_12_02 4, 12, 16, 8, 9, 1, 5
7_3_22 12, 4, 8, 16, 5, 13, 1
6_29_14 11, 3, 7, 15, 8, 16
8_11_18 12, 4, 8, 16, 13, 5, 9, 1
3_16_14 7, 15, 11
2_30_02 1, 9
4_28_10 8, 16, 4, 12
7_26_16 11, 3, 7, 15, 8, 16, 4
5_6_18 11, 3, 7, 15, 8
5_12_18 12, 4, 8, 16, 1
7_5_08 6, 14, 2, 10, 7, 15, 3
3_31_14 11, 3, 15
7_18_18 10, 2, 6, 14, 7, 15, 3
5_1_00 1, 9, 13, 5, 2
3_26_22 10, 2, 6
2_27_12 9, 1
7_3_12 7, 15, 3, 11, 16, 8, 12
7_30_10 9, 1, 5, 13, 2, 10, 14
8_19_20 11, 3, 7, 15, 12, 4, 8, 16
4_10_04 5, 13, 1, 9
3_3_18 10, 2, 14
4_23_00 2, 10, 14, 6
7_14_20 14, 6, 10, 2, 7, 15, 3
7_14_08 8, 16, 4, 12, 1, 9, 13
2_27_00 3, 11
6_9_20 13, 5, 9, 1, 14, 6
8_21_08 6, 14, 2, 10, 7, 15, 3, 11
5_8_04 4, 12, 16, 8, 9
6_29_22 15, 7, 11, 3, 12, 4
6_13_00 4, 12, 16, 8, 1, 9
7_4_12 7, 15, 3, 11, 12, 4, 8
4_16_10 9, 1, 5, 13
4_22_22 13, 5, 9, 1
3_23_14 9, 1, 13
7_17_18 10, 2, 6, 14, 11, 3, 7
6_24_22 13, 5, 9, 1, 10, 2
7_29_14 11, 3, 7, 15, 8, 16, 4
3_13_12 10, 2, 6
3_8_16 6, 14, 10
4_9_18 12, 4, 8, 16
3_20_12 3, 11, 7
7_10_00 3, 11, 15, 7, 16, 8, 12
8_28_06 6, 14, 2, 10, 7, 15, 3, 11
4_4_08 5, 13, 1, 9
2_7_16 10, 2
1_17_18 10
7_17_06 4, 12, 16, 8, 5, 13, 1
8_19_16 9, 1, 5, 13, 10, 2, 6, 14
6_16_20 14, 6, 10, 2, 7, 15
1_26_20 9
3_26_16 7, 15, 3
8_29_06 7, 15, 3, 11, 4, 12, 16, 8
7_16_12 10, 2, 6, 14, 11, 3, 7
5_7_02 3, 11, 15, 7, 12
2_10_02 16, 8
1_18_12 3
7_6_12 8, 16, 4, 12, 5, 13, 1
3_16_08 4, 12, 8
1_14_12 6
3_13_10 9, 1, 5
7_20_16 9, 1, 5, 13, 14, 6, 10
8_8_08 6, 14, 2, 10, 7, 15, 3, 11
1_15_22 7
3_9_04 5, 13, 1
4_11_14 10, 2, 6, 14
8_12_02 4, 12, 16, 8, 5, 13, 1, 9
7_2_20 11, 3, 7, 15, 8, 16, 4
8_20_14 8, 16, 4, 12, 9, 1, 5, 13
7_29_16 12, 4, 8, 16, 9, 1, 5
8_23_12 8, 16, 4, 12, 9, 1, 5, 13
2_13_02 5, 13
3_27_04 5, 13, 9
6_13_14 11, 3, 7, 15, 8, 16
5_12_02 4, 12, 16, 8, 9
7_8_22 13, 5, 9, 1, 2, 10, 14
6_8_22 13, 5, 9, 1, 10, 2
1_29_12 10
3_19_18 10, 2, 14