5_20_06 4, 12, 16, 8, 9
8_3_12 7, 15, 3, 11, 8, 16, 4, 12
5_14_18 13, 5, 9, 1, 6
5_4_22 12, 4, 8, 16, 1
5_22_22 13, 5, 9, 1, 10
1_9_12 9
3_14_12 6, 14, 2
3_14_12 6, 14, 2
3_23_02 3, 11, 7
4_9_00 3, 11, 15, 7
7_26_02 4, 12, 16, 8, 1, 9, 13
7_2_10 6, 14, 2, 10, 3, 11, 15
8_10_10 8, 16, 4, 12, 9, 1, 5, 13
6_1_16 9, 1, 5, 13, 10, 2
7_22_06 5, 13, 1, 9, 2, 10, 14
3_11_18 12, 4, 16
1_30_12 6
7_8_02 3, 11, 15, 7, 8, 16, 4
8_26_04 5, 13, 1, 9, 6, 14, 2, 10
6_4_16 9, 1, 5, 13, 6, 14
7_11_08 7, 15, 3, 11, 16, 8, 12
5_5_06 5, 13, 1, 9, 6
1_3_02 10
4_10_16 11, 3, 7, 15
2_12_10 4, 12
5_4_12 7, 15, 3, 11, 12
2_4_06 16, 8
7_30_18 13, 5, 9, 1, 6, 14, 2
6_20_02 2, 10, 14, 6, 15, 7
4_3_00 1, 9, 13, 5
5_7_22 13, 5, 9, 1, 6
1_15_20 6
1_6_00 14
3_1_14 8, 16, 4
8_14_20 14, 6, 10, 2, 11, 3, 7, 15
6_25_06 6, 14, 2, 10, 7, 15
2_12_10 4, 12
6_15_14 11, 3, 7, 15, 8, 16
6_8_06 5, 13, 1, 9, 2, 10
4_30_16 12, 4, 8, 16
5_1_18 10, 2, 6, 14, 11
7_21_22 13, 5, 9, 1, 14, 6, 10
3_19_16 9, 1, 13
3_23_04 4, 12, 8
4_17_16 9, 1, 5, 13
7_28_16 11, 3, 7, 15, 16, 8, 12
7_6_08 6, 14, 2, 10, 3, 11, 15
4_20_04 3, 11, 15, 7
2_20_02 14, 6
6_17_06 4, 12, 16, 8, 5, 13
8_18_04 3, 11, 15, 7, 4, 12, 16, 8
6_28_02 4, 12, 16, 8, 1, 9
7_21_16 10, 2, 6, 14, 11, 3, 7
4_20_02 2, 10, 14, 6
8_23_02 3, 11, 15, 7, 4, 12, 16, 8
4_5_22 13, 5, 9, 1
1_25_00 3
1_25_02 4
2_3_10 6, 14
4_6_16 10, 2, 6, 14
5_2_16 9, 1, 5, 13, 6
1_10_22 10
5_2_18 10, 2, 6, 14, 7
7_24_02 3, 11, 15, 7, 8, 16, 4
3_11_20 13, 5, 1
2_25_12 9, 1
4_19_04 3, 11, 15, 7
7_20_06 4, 12, 16, 8, 9, 1, 5
3_24_06 1, 9, 5
3_21_10 7, 15, 3
4_12_12 9, 1, 5, 13
6_5_02 3, 11, 15, 7, 4, 12
1_21_08 6
1_18_20 7
4_27_20 13, 5, 9, 1
8_24_06 5, 13, 1, 9, 6, 14, 2, 10
6_10_16 11, 3, 7, 15, 8, 16
7_1_02 2, 10, 14, 6, 3, 11, 15
4_20_18 10, 2, 6, 14
5_28_04 5, 13, 1, 9, 10
8_13_22 15, 7, 11, 3, 12, 4, 8, 16
6_29_22 15, 7, 11, 3, 12, 4
8_18_14 8, 16, 4, 12, 9, 1, 5, 13
8_7_12 8, 16, 4, 12, 9, 1, 5, 13
4_30_18 13, 5, 9, 1
8_16_10 9, 1, 5, 13, 6, 14, 2, 10
4_22_12 8, 16, 4, 12
3_25_16 11, 3, 7
6_25_02 4, 12, 16, 8, 5, 13
2_26_04 1, 9
2_2_22 8, 16
7_16_10 9, 1, 5, 13, 10, 2, 6
3_21_08 6, 14, 2
4_19_12 7, 15, 3, 11
2_11_12 9, 1
4_4_08 5, 13, 1, 9
2_3_04 3, 11
1_26_10 4
1_29_10 9
1_24_02 7
6_1_04 3, 11, 15, 7, 4, 12
5_15_02 5, 13, 1, 9, 10
8_5_12 8, 16, 4, 12, 9, 1, 5, 13
7_31_16 12, 4, 8, 16, 1, 9, 13
4_30_20 14, 6, 10, 2
2_23_10 7, 15
4_29_20 14, 6, 10, 2
6_10_16 11, 3, 7, 15, 8, 16
4_31_10 9, 1, 5, 13
6_30_20 14, 6, 10, 2, 7, 15
5_17_20 11, 3, 7, 15, 12
5_18_10 6, 14, 2, 10, 3
1_17_12 7
2_20_18 6, 14
1_18_10 2
3_25_18 12, 4, 8
2_5_22 13, 5
2_30_06 3, 11
1_19_14 16
1_27_16 3
1_12_16 15
5_23_02 3, 11, 15, 7, 12
6_15_22 15, 7, 11, 3, 12, 4
5_9_06 6, 14, 2, 10, 7
3_31_06 7, 15, 11
1_28_08 11
7_21_04 4, 12, 16, 8, 5, 13, 1
8_18_14 8, 16, 4, 12, 9, 1, 5, 13
5_13_02 5, 13, 1, 9, 2
7_21_12 8, 16, 4, 12, 9, 1, 5
2_12_02 16, 8
8_24_06 5, 13, 1, 9, 6, 14, 2, 10
1_2_14 4
3_25_14 10, 2, 6
6_29_22 15, 7, 11, 3, 12, 4
6_10_06 6, 14, 2, 10, 3, 11
4_11_06 6, 14, 2, 10
2_10_08 3, 11
8_20_14 8, 16, 4, 12, 9, 1, 5, 13
8_15_10 9, 1, 5, 13, 6, 14, 2, 10
3_6_12 4, 12, 16
7_28_04 5, 13, 1, 9, 10, 2, 6
1_23_20 4
6_13_18 13, 5, 9, 1, 10, 2
2_21_08 6, 14
7_22_02 3, 11, 15, 7, 16, 8, 12
3_4_02 14, 6, 2
1_22_12 4
7_29_02 5, 13, 1, 9, 2, 10, 14
5_5_14 9, 1, 5, 13, 10
1_7_00 10
7_31_12 10, 2, 6, 14, 15, 7, 11
7_4_14 8, 16, 4, 12, 13, 5, 9
6_29_10 9, 1, 5, 13, 6, 14
5_11_18 12, 4, 8, 16, 5
3_11_02 4, 12, 8
8_9_08 7, 15, 3, 11, 8, 16, 4, 12
3_30_12 6, 14, 2
3_13_16 12, 4, 8
4_20_08 5, 13, 1, 9
5_15_14 11, 3, 7, 15, 16
2_7_12 8, 16
4_21_06 5, 13, 1, 9
5_28_16 11, 3, 7, 15, 16
7_23_16 10, 2, 6, 14, 3, 11, 15
2_30_10 5, 13
5_25_20 13, 5, 9, 1, 14
5_28_04 5, 13, 1, 9, 10
2_11_14 10, 2
8_7_02 3, 11, 15, 7, 4, 12, 16, 8
6_16_12 10, 2, 6, 14, 3, 11
7_21_16 10, 2, 6, 14, 11, 3, 7
1_9_00 3
4_23_12 8, 16, 4, 12
3_4_10 2, 10, 6
6_29_16 12, 4, 8, 16, 9, 1
4_9_22 14, 6, 10, 2
8_30_12 10, 2, 6, 14, 7, 15, 3, 11
8_7_02 3, 11, 15, 7, 4, 12, 16, 8
6_7_12 8, 16, 4, 12, 9, 1
6_21_06 5, 13, 1, 9, 6, 14
7_2_08 5, 13, 1, 9, 2, 10, 14
8_5_00 2, 10, 14, 6, 3, 11, 15, 7
8_26_20 13, 5, 9, 1, 14, 6, 10, 2
7_14_20 14, 6, 10, 2, 7, 15, 3
5_21_14 9, 1, 5, 13, 10
1_7_16 2
7_18_22 12, 4, 8, 16, 9, 1, 5
5_25_06 6, 14, 2, 10, 7
8_27_22 14, 6, 10, 2, 15, 7, 11, 3
3_7_20 12, 4, 16
5_17_02 2, 10, 14, 6, 3
5_9_02 4, 12, 16, 8, 5
6_2_10 6, 14, 2, 10, 3, 11
3_29_08 8, 16, 4
8_8_04 4, 12, 16, 8, 5, 13, 1, 9
2_4_10 2, 10
1_25_00 3
4_25_02 4, 12, 16, 8
5_15_18 13, 5, 9, 1, 2
4_23_04 4, 12, 16, 8
5_20_04 3, 11, 15, 7, 8
3_29_20 14, 6, 10
5_21_00 2, 10, 14, 6, 3
8_1_10 6, 14, 2, 10, 7, 15, 3, 11
5_22_00 2, 10, 14, 6, 15
3_30_08 4, 12, 16
7_14_14 11, 3, 7, 15, 4, 12, 16
3_27_10 8, 16, 12
8_11_16 11, 3, 7, 15, 12, 4, 8, 16
3_4_10 2, 10, 6
1_23_16 2
2_30_10 5, 13
1_29_20 14
3_7_16 10, 2, 14
1_1_04 3
2_4_04 15, 7
1_9_00 3
7_18_00 1, 9, 13, 5, 14, 6, 10
4_2_14 8, 16, 4, 12
8_5_12 8, 16, 4, 12, 9, 1, 5, 13
1_26_02 16
3_24_20 8, 16, 12
8_22_06 5, 13, 1, 9, 6, 14, 2, 10
1_8_22 1
8_21_16 10, 2, 6, 14, 11, 3, 7, 15
4_30_02 5, 13, 1, 9
1_11_06 14
5_26_16 11, 3, 7, 15, 8
8_5_04 4, 12, 16, 8, 5, 13, 1, 9
3_1_18 10, 2, 6
4_2_00 1, 9, 13, 5
5_30_00 4, 12, 16, 8, 13
5_28_02 4, 12, 16, 8, 9
7_27_14 10, 2, 6, 14, 3, 11, 15
7_30_06 7, 15, 3, 11, 16, 8, 12
6_29_02 5, 13, 1, 9, 2, 10
7_9_14 10, 2, 6, 14, 11, 3, 7
7_27_00 3, 11, 15, 7, 12, 4, 8
2_4_18 6, 14
4_20_22 12, 4, 8, 16
3_25_18 12, 4, 8
6_6_18 11, 3, 7, 15, 8, 16
7_11_06 6, 14, 2, 10, 15, 7, 11
2_29_14 11, 3
1_4_04 7
8_13_18 13, 5, 9, 1, 10, 2, 6, 14
3_28_14 6, 14, 10
7_11_00 3, 11, 15, 7, 12, 4, 8
4_2_04 3, 11, 15, 7
8_2_12 7, 15, 3, 11, 8, 16, 4, 12
1_3_18 2
1_30_12 6
1_2_16 5
8_13_18 13, 5, 9, 1, 10, 2, 6, 14
1_14_10 5
8_13_12 10, 2, 6, 14, 7, 15, 3, 11
8_2_04 3, 11, 15, 7, 4, 12, 16, 8
7_13_04 6, 14, 2, 10, 3, 11, 15
8_17_06 4, 12, 16, 8, 5, 13, 1, 9
7_28_18 12, 4, 8, 16, 1, 9, 13
5_30_18 13, 5, 9, 1, 6
7_17_18 10, 2, 6, 14, 11, 3, 7
7_22_18 11, 3, 7, 15, 8, 16, 4
8_10_04 5, 13, 1, 9, 6, 14, 2, 10
1_11_22 6
8_12_16 11, 3, 7, 15, 12, 4, 8, 16
7_13_18 13, 5, 9, 1, 10, 2, 6
4_7_02 3, 11, 15, 7
4_6_22 13, 5, 9, 1
5_29_02 5, 13, 1, 9, 2
8_25_08 7, 15, 3, 11, 8, 16, 4, 12
5_24_02 3, 11, 15, 7, 8
5_14_00 4, 12, 16, 8, 13
5_24_12 8, 16, 4, 12, 13
8_30_22 15, 7, 11, 3, 12, 4, 8, 16
3_30_00 16, 8, 12
5_19_04 3, 11, 15, 7, 12
5_22_02 3, 11, 15, 7, 16
3_25_22 14, 6, 10
6_19_06 4, 12, 16, 8, 5, 13
3_4_08 1, 9, 5
2_11_02 4, 12
8_4_02 2, 10, 14, 6, 3, 11, 15, 7
3_24_08 2, 10, 6
3_16_12 6, 14, 10
2_26_04 1, 9
4_19_10 6, 14, 2, 10
8_18_22 12, 4, 8, 16, 13, 5, 9, 1
4_15_08 8, 16, 12
1_4_18 14
7_9_20 13, 5, 9, 1, 14, 6, 10
2_29_12 10, 2
3_24_16 6, 14, 10
3_11_20 13, 5, 1
2_31_22 15, 7
7_9_16 11, 3, 7, 15, 12, 4, 8
6_1_04 3, 11, 15, 7, 4, 12
3_15_12 10, 2, 14
2_31_06 7, 15
3_8_04 16, 8, 4
4_5_06 5, 13, 1, 9
4_29_14 11, 3, 7, 15
6_5_14 9, 1, 5, 13, 10, 2
7_16_14 11, 3, 7, 15, 12, 4, 8
1_21_06 5
1_30_08 4
7_11_08 7, 15, 3, 11, 16, 8, 12
4_14_06 7, 15, 3, 11
1_30_18 9
8_14_12 10, 2, 6, 14, 7, 15, 3, 11
1_14_20 10
2_18_20 7, 15
4_21_04 4, 12, 16, 8
3_13_10 9, 1, 5
2_10_14 6, 14
4_16_12 10, 2, 6, 14
1_22_08 2
6_20_22 12, 4, 8, 16, 9, 1
6_29_20 14, 6, 10, 2, 11, 3
8_13_02 5, 13, 1, 9, 2, 10, 14, 6
4_5_06 5, 13, 1, 9
7_12_14 10, 2, 6, 14, 15, 7, 11
4_19_12 7, 15, 3, 11
5_23_04 4, 12, 16, 8, 13
4_27_14 10, 2, 6, 14
6_27_10 8, 16, 4, 12, 9, 1
6_30_12 10, 2, 6, 14, 3, 11
2_7_14 9, 1
5_14_22 15, 7, 11, 3, 8
7_25_14 10, 2, 6, 14, 11, 3, 7
1_25_04 5
3_1_06 4, 12, 16
6_30_12 10, 2, 6, 14, 3, 11
5_6_18 11, 3, 7, 15, 8
6_14_12 10, 2, 6, 14, 3, 11
4_10_22 14, 6, 10, 2
3_16_06 3, 11, 7
6_12_22 14, 6, 10, 2, 11, 3
4_20_22 12, 4, 8, 16
4_18_06 4, 12, 16, 8
1_9_22 14
6_14_22 15, 7, 11, 3, 8, 16
4_7_18 11, 3, 7, 15
8_28_08 7, 15, 3, 11, 8, 16, 4, 12
3_29_04 6, 14, 2
2_14_22 11, 3
8_28_08 7, 15, 3, 11, 8, 16, 4, 12
1_12_04 9
8_23_02 3, 11, 15, 7, 4, 12, 16, 8
2_23_14 9, 1
3_27_10 8, 16, 12
3_16_22 11, 3, 15
8_23_20 12, 4, 8, 16, 13, 5, 9, 1
2_23_08 6, 14
7_26_14 10, 2, 6, 14, 7, 15, 3
1_21_10 7
5_30_04 6, 14, 2, 10, 15
3_27_08 7, 15, 11
2_21_20 12, 4
8_5_08 6, 14, 2, 10, 7, 15, 3, 11
8_12_10 8, 16, 4, 12, 9, 1, 5, 13
2_22_02 15, 7
3_21_12 8, 16, 4
1_24_20 16
2_13_08 8, 16
1_2_20 7
1_13_12 10
2_19_22 12, 4
3_31_12 10, 2, 14
1_21_18 11
4_12_02 4, 12, 16, 8
2_4_18 6, 14
3_7_14 9, 1, 13
8_8_14 9, 1, 5, 13, 10, 2, 6, 14
1_17_22 12
7_18_04 3, 11, 15, 7, 16, 8, 12
6_15_14 11, 3, 7, 15, 8, 16
3_13_18 13, 5, 9
8_8_12 8, 16, 4, 12, 9, 1, 5, 13
7_15_10 9, 1, 5, 13, 14, 6, 10
7_2_12 7, 15, 3, 11, 4, 12, 16
8_3_16 9, 1, 5, 13, 10, 2, 6, 14
4_16_06 7, 15, 3, 11
2_28_12 5, 13
6_18_10 6, 14, 2, 10, 3, 11
1_3_12 15
1_19_08 13
8_16_08 8, 16, 4, 12, 5, 13, 1, 9
8_21_14 9, 1, 5, 13, 10, 2, 6, 14
7_21_12 8, 16, 4, 12, 9, 1, 5
6_5_14 9, 1, 5, 13, 10, 2
4_2_10 6, 14, 2, 10
8_7_04 4, 12, 16, 8, 5, 13, 1, 9
6_4_06 4, 12, 16, 8, 1, 9
6_28_16 11, 3, 7, 15, 8, 16
4_21_04 4, 12, 16, 8
8_10_06 6, 14, 2, 10, 7, 15, 3, 11
4_9_04 5, 13, 1, 9
5_17_20 11, 3, 7, 15, 12
5_8_08 6, 14, 2, 10, 11
2_11_08 7, 15
1_3_04 11
2_12_00 15, 7
2_7_18 11, 3
4_17_18 10, 2, 6, 14
1_6_10 3
7_3_18 10, 2, 6, 14, 3, 11, 15
4_14_06 7, 15, 3, 11
8_1_22 12, 4, 8, 16, 13, 5, 9, 1
1_23_08 14
5_2_10 6, 14, 2, 10, 3
1_20_14 12
1_2_16 5
2_31_06 7, 15
8_18_18 10, 2, 6, 14, 11, 3, 7, 15
4_25_18 12, 4, 8, 16
2_30_14 7, 15
4_3_02 2, 10, 14, 6
2_6_04 16, 8
2_17_02 2, 10
2_3_10 6, 14
7_29_18 13, 5, 9, 1, 10, 2, 6
5_26_14 10, 2, 6, 14, 7
4_10_04 5, 13, 1, 9
5_15_06 7, 15, 3, 11, 12
1_6_18 7
6_8_02 3, 11, 15, 7, 16, 8
3_18_16 5, 13, 1
2_12_00 15, 7
2_2_20 7, 15
3_22_20 8, 16, 4
1_28_08 11
2_19_00 1, 9
1_29_10 9
5_8_06 5, 13, 1, 9, 10
4_21_22 13, 5, 9, 1
8_30_02 5, 13, 1, 9, 2, 10, 14, 6
8_10_08 7, 15, 3, 11, 8, 16, 4, 12
1_28_22 2
1_30_10 5
2_21_08 6, 14
4_5_14 9, 1, 5, 13
6_4_20 11, 3, 7, 15, 8, 16
3_19_22 12, 4, 16
5_22_14 9, 1, 5, 13, 6
2_20_06 16, 8
2_31_20 14, 6
2_6_16 6, 14
7_28_14 10, 2, 6, 14, 15, 7, 11
5_8_00 2, 10, 14, 6, 7
4_10_22 14, 6, 10, 2
8_14_02 5, 13, 1, 9, 2, 10, 14, 6
5_3_08 5, 13, 1, 9, 14
1_27_14 2
5_5_02 3, 11, 15, 7, 4
2_19_18 10, 2
8_6_16 10, 2, 6, 14, 11, 3, 7, 15
4_10_10 8, 16, 4, 12
4_5_22 13, 5, 9, 1
1_1_04 3
3_28_02 16, 8, 4
5_21_08 6, 14, 2, 10, 7
3_31_12 10, 2, 14
2_17_04 3, 11
3_5_14 9, 1, 5
3_29_04 6, 14, 2
7_2_12 7, 15, 3, 11, 4, 12, 16
3_14_08 4, 12, 16
5_15_14 11, 3, 7, 15, 16
8_14_08 8, 16, 4, 12, 5, 13, 1, 9
4_21_04 4, 12, 16, 8
6_23_00 2, 10, 14, 6, 3, 11
8_31_14 11, 3, 7, 15, 8, 16, 4, 12
6_18_14 8, 16, 4, 12, 5, 13
4_14_18 13, 5, 9, 1
8_19_22 12, 4, 8, 16, 13, 5, 9, 1
4_2_08 5, 13, 1, 9
1_19_12 15
7_4_02 2, 10, 14, 6, 7, 15, 3
8_19_14 8, 16, 4, 12, 9, 1, 5, 13
2_27_14 10, 2
4_26_06 6, 14, 2, 10
8_24_16 10, 2, 6, 14, 11, 3, 7, 15
4_25_10 8, 16, 4, 12
5_18_08 5, 13, 1, 9, 2
4_15_20 14, 6, 10, 2
6_6_08 6, 14, 2, 10, 3, 11
4_16_00 4,12, 16, 8
5_5_18 11, 3, 7, 15, 12
1_4_06 8
5_30_10 9, 1, 5, 13, 2
5_15_08 8, 16, 4, 12, 13
1_4_00 5
3_31_10 9, 1, 13
3_31_00 4,12, 8
1_27_18 4
8_24_08 6, 14, 2, 10, 7, 15, 3, 11
3_12_02 16, 8, 4
8_5_16 10, 2, 6, 14, 11, 3, 7, 15
4_19_06 4, 12, 16, 8
2_14_12 6, 14
6_12_18 12, 4, 8, 16, 9, 1
8_5_10 7, 15, 3, 11, 8, 16, 4, 12
6_18_20 11, 3, 7, 15, 8, 16
1_29_20 14
4_5_08 6, 14, 2, 10
3_4_08 1, 9, 5
2_14_12 6, 14
2_13_22 15, 7
2_31_02 5, 13
3_8_20 8, 16, 12
5_20_16 9, 1, 5, 13, 14
7_24_00 2, 10, 14, 6, 7, 15, 3
1_14_20 10
4_26_08 7, 15, 3, 11
3_28_16 7, 15, 11
2_9_08 7, 15
6_22_00 2, 10, 14, 6, 15, 7
6_26_16 11, 3, 7, 15, 8, 16
1_12_22 2
5_12_20 13, 5, 9, 1, 2
3_23_04 4, 12, 8
6_28_20 13, 5, 9, 1, 10, 2
2_23_06 5, 13
4_15_20 14, 6, 10, 2
1_5_14 9
6_6_20 12, 4, 8, 16, 9, 1
5_9_20 13, 5, 9, 1, 14
5_2_12 7, 15, 3, 11, 4
6_9_18 12, 4, 8, 16, 13, 5
3_15_00 4,12, 8
7_1_02 2, 10, 14, 6, 3, 11, 15
4_23_22 13, 5, 9, 1
8_18_18 10, 2, 6, 14, 11, 3, 7, 15
5_29_08 8, 16, 4, 12, 5
7_11_06 6, 14, 2, 10, 15, 7, 11
7_7_10 7, 15, 3, 11, 16, 8, 12
3_1_02 2, 10, 14
2_25_10 8, 16
6_30_22 15, 7, 11, 3, 8, 16
8_19_08 5, 13, 1, 9, 6, 14, 2, 10
4_12_20 13, 5, 9, 1
4_1_00 1, 9, 13, 5
2_13_00 4,12
5_16_02 5, 13, 1, 9, 6
3_3_12 7, 15, 11
7_3_02 2, 10, 14, 6, 11, 3, 7
6_27_02 4, 12, 16, 8, 5, 13
5_28_14 10, 2, 6, 14, 15
7_6_12 8, 16, 4, 12, 5, 13, 1
3_1_08 5, 13, 1
7_20_02 2, 10, 14, 6, 7, 15, 3
7_17_00 1, 9, 13, 5, 2, 10, 14
7_2_04 3, 11, 15, 7, 16, 8, 12
8_29_04 6, 14, 2, 10, 3, 11, 15, 7
5_17_06 4, 12, 16, 8, 5
3_22_02 15, 7, 11
6_16_06 7, 15, 3, 11, 16, 8
4_22_16 10, 2, 6, 14
1_31_16 4
4_22_22 13, 5, 9, 1
5_2_18 10, 2, 6, 14, 7
4_13_18 13, 5, 9, 1
3_16_08 4, 12, 8
4_28_04 5, 13, 1, 9
7_10_00 3, 11, 15, 7, 16, 8, 12
3_25_00 3, 11, 15
4_20_06 4, 12, 16, 8
5_22_18 11, 3, 7, 15, 8
8_11_22 14, 6, 10, 2, 15, 7, 11, 3
3_21_04 4, 12, 16
3_13_14 11, 3, 7
5_31_22 15, 7, 11, 3, 4
3_5_16 10, 2, 6
2_11_18 12, 4
8_24_12 8, 16, 4, 12, 9, 1, 5, 13
2_15_10 9, 1
1_8_00 6
6_9_04 5, 13, 1, 9, 6, 14
6_7_08 6, 14, 2, 10, 7, 15
8_13_18 13, 5, 9, 1, 10, 2, 6, 14
2_1_02 2, 10
8_10_06 6, 14, 2, 10, 7, 15, 3, 11
8_9_14 10, 2, 6, 14, 11, 3, 7, 15
5_25_08 7, 15, 3, 11, 8
4_29_22 15, 7, 11, 3
5_26_12 9, 1, 5, 13, 6
7_17_10 6, 14, 2, 10, 7, 15, 3
4_6_14 9, 1, 5, 13
8_26_20 13, 5, 9, 1, 14, 6, 10, 2
3_3_08 5, 13, 9
3_31_08 8, 16, 12
8_19_16 9, 1, 5, 13, 10, 2, 6, 14
6_6_04 4, 12, 16, 8, 1, 9
7_30_08 8, 16, 4, 12, 1, 9, 13
6_23_22 13, 5, 9, 1, 14, 6
4_31_06 7, 15, 3, 11
6_21_18 11, 3, 7, 15, 12, 4
3_22_08 2, 10, 14
2_27_00 3, 11
2_11_10 8, 16
4_23_14 9, 1, 5, 13
8_15_02 5, 13, 1, 9, 2, 10, 14, 6
2_11_10 8, 16
8_25_02 4, 12, 16, 8, 5, 13, 1, 9
3_1_20 11, 3, 7
2_27_10 8, 16
4_20_10 6, 14, 2, 10
6_3_18 10, 2, 6, 14, 11, 3
2_18_16 5, 13
5_23_06 5, 13, 1, 9, 14
6_2_06 4, 12, 16, 8, 1, 9
2_25_14 10, 2
7_29_16 12, 4, 8, 16, 9, 1, 5
8_29_14 11, 3, 7, 15, 8, 16, 4, 12
2_23_20 12, 4
3_28_20 9, 1, 13
6_12_02 4, 12, 16, 8, 1, 9
5_21_06 5, 13, 1, 9, 6
8_18_08 5, 13, 1, 9, 6, 14, 2, 10
2_30_22 11, 3
6_10_10 8, 16, 4, 12, 5, 13
2_1_18 10, 2
8_22_14 9, 1, 5, 13, 10, 2, 6, 14
6_2_16 9, 1, 5, 13, 6, 14
1_2_08 1
6_13_16 12, 4, 8, 16, 9, 1
1_17_00 1
4_8_18 11, 3, 7, 15
2_26_22 10, 2
1_13_14 11
7_12_06 6, 14, 2, 10, 11, 3, 7
5_30_10 9, 1, 5, 13, 2
4_28_10 8, 16, 4, 12
4_28_16 11, 3, 7, 15
1_7_20 4
4_4_10 6, 14, 2, 10
4_23_18 11, 3, 7, 15
4_23_18 11, 3, 7, 15
7_20_22 12, 4, 8, 16, 1, 9, 13
8_2_00 1, 9, 13, 5, 2, 10, 14, 6
3_23_12 8, 16, 12
1_17_00 1
8_25_10 8, 16, 4, 12, 9, 1, 5, 13
1_29_20 14
7_28_10 8, 16, 4, 12, 13, 5, 9
2_19_10 6, 14
8_21_22 13, 5, 9, 1, 14, 6, 10, 2
1_3_18 2
3_14_06 3, 11, 15
7_5_18 11, 3, 7, 15, 12, 4, 8
4_6_10 7, 15, 3, 11
8_13_04 6, 14, 2, 10, 3, 11, 15, 7
7_17_08 5, 13, 1, 9, 6, 14, 2
2_2_10 2, 10
4_5_14 9, 1, 5, 13
5_1_06 4, 12, 16, 8, 5
3_26_00 15, 7, 11
1_3_00 9
8_3_00 1, 9, 13, 5, 2, 10, 14, 6
2_6_04 16, 8
8_5_06 5, 13, 1, 9, 6, 14, 2, 10
7_3_22 12, 4, 8, 16, 5, 13, 1
6_30_14 11, 3, 7, 15, 4, 12
4_2_18 10, 2, 6, 14
4_31_04 6, 14, 2, 10
6_7_16 10, 2, 6, 14, 11, 3
8_10_04 5, 13, 1, 9, 6, 14, 2, 10
5_2_10 6, 14, 2, 10, 3
6_27_18 12, 4, 8, 16, 13, 5
4_3_14 8, 16, 4, 12
2_14_10 5, 13
5_13_10 9, 1, 5, 13, 6
5_9_20 13, 5, 9, 1, 14
6_30_00 4, 12, 16, 8, 13, 5
8_12_02 4, 12, 16, 8, 5, 13, 1, 9
1_18_02 14
7_14_20 14, 6, 10, 2, 7, 15, 3
7_31_04 6, 14, 2, 10, 11, 3, 7
5_5_08 6, 14, 2, 10, 7
8_5_04 4, 12, 16, 8, 5, 13, 1, 9
7_4_04 3, 11, 15, 7, 8, 16, 4
6_31_22 15, 7, 11, 3, 12, 4
4_28_10 8, 16, 4, 12
3_13_20 14, 6, 10
6_14_08 8, 16, 4, 12, 1, 9
8_11_08 7, 15, 3, 11, 8, 16, 4, 12
8_28_02 4, 12, 16, 8, 5, 13, 1, 9
2_31_14 11, 3
2_16_20 10, 2
6_12_02 4, 12, 16, 8, 1, 9
6_4_18 10, 2, 6, 14, 7, 15
8_30_10 9, 1, 5, 13, 6, 14, 2, 10
1_10_18 8
6_24_06 5, 13, 1, 9, 2, 10
1_10_10 4
5_6_16 10, 2, 6, 14, 7
2_1_22 12, 4
3_24_20 8, 16, 12
3_13_22 15, 7, 11
8_16_20 14, 6, 10, 2, 11, 3, 7, 15
1_13_18 13
5_1_22 12, 4, 8, 16, 13
6_27_12 9, 1, 5, 13, 10, 2
5_7_06 5, 13, 1, 9, 14
2_31_10 9, 1
3_27_12 9, 1, 13
7_14_00 4, 12, 16, 8, 13, 5, 9
6_12_14 10, 2, 6, 14, 7, 15
3_2_22 8, 16, 4
8_30_16 12, 4, 8, 16, 9, 1, 5, 13
3_13_14 11, 3, 7
6_19_12 7, 15, 3, 11, 8, 16
6_27_08 7, 15, 3, 11, 8, 16
1_6_16 6
5_21_10 7, 15, 3, 11, 8
5_11_06 6, 14, 2, 10, 15
7_15_00 4, 12, 16, 8, 9, 1, 5
7_11_10 8, 16, 4, 12, 1, 9, 13
8_1_12 7, 15, 3, 11, 8, 16, 4, 12
1_13_02 5
3_5_20 12, 4, 8
7_21_14 9, 1, 5, 13, 10, 2, 6
8_19_08 5, 13, 1, 9, 6, 14, 2, 10
5_22_14 9, 1, 5, 13, 6
5_2_00 1, 9, 13, 5, 14
3_29_04 6, 14, 2
7_15_10 9, 1, 5, 13, 14, 6, 10
4_23_00 2, 10, 14, 6
8_6_22 13, 5, 9, 1, 14, 6, 10, 2
1_9_18 12
2_6_14 5, 13
1_3_12 15
2_1_14 8, 16
2_9_22 14, 6
6_18_10 6, 14, 2, 10, 3, 11
4_21_16 10, 2, 6, 14
8_31_10 9, 1, 5, 13, 6, 14, 2, 10
4_22_20 12, 4, 8, 16
4_1_10 6, 14, 2, 10
7_19_20 11, 3, 7, 15, 4, 12, 16
1_13_20 14
7_24_02 3, 11, 15, 7, 8, 16, 4
2_16_22 11, 3
8_7_14 9, 1, 5, 13, 10, 2, 6, 14
6_21_04 4, 12, 16, 8, 5, 13
8_14_18 13, 5, 9, 1, 10, 2, 6, 14
6_26_10 8, 16, 4, 12, 5, 13
5_21_04 4, 12, 16, 8, 5
2_20_12 3, 11
1_29_22 15
4_5_10 7, 15, 3, 11
4_3_12 7, 15, 3, 11
4_3_18 10, 2, 6, 14
3_25_10 8, 16, 4
2_31_22 15, 7
4_16_22 15, 7, 11, 3
8_29_22 15, 7, 11, 3, 12, 4, 8, 16
2_12_18 8, 16
8_4_08 5, 13, 1, 9, 6, 14, 2, 10
2_31_00 4,12
4_7_14 9, 1, 5, 13
4_1_16 9, 1, 5, 13
3_1_10 6, 14, 2
6_15_14 11, 3, 7, 15, 8, 16
2_12_12 5, 13
6_17_22 12, 4, 8, 16, 13, 5
8_28_08 7, 15, 3, 11, 8, 16, 4, 12
8_10_02 4, 12, 16, 8, 5, 13, 1, 9
7_10_22 14, 6, 10, 2, 11, 3, 7
2_3_20 11, 3
4_16_18 13, 5, 9, 1
2_8_18 7, 15
1_13_06 7
8_9_12 9, 1, 5, 13, 10, 2, 6, 14
1_2_02 14
3_2_08 1, 9, 13
3_30_12 6, 14, 2
6_21_04 4, 12, 16, 8, 5, 13
8_10_04 5, 13, 1, 9, 6, 14, 2, 10
5_20_02 2, 10, 14, 6, 7
6_3_22 12, 4, 8, 16, 13, 5
2_4_04 15, 7
4_19_18 10, 2, 6, 14
3_22_06 1, 9, 13
8_14_18 13, 5, 9, 1, 10, 2, 6, 14
3_20_06 16, 8, 4
3_19_08 5, 13, 9
4_31_16 12, 4, 8, 16
7_11_16 11, 3, 7, 15, 4, 12, 16
7_9_06 6, 14, 2, 10, 7, 15, 3
3_1_10 6, 14, 2
2_19_10 6, 14
5_21_20 12, 4, 8, 16, 13
8_3_08 5, 13, 1, 9, 6, 14, 2, 10
4_19_08 5, 13, 1, 9
5_1_18 10, 2, 6, 14, 11
8_13_10 9, 1, 5, 13, 6, 14, 2, 10
1_23_20 4
5_29_02 5, 13, 1, 9, 2
7_22_08 6, 14, 2, 10, 3, 11, 15
8_12_20 13, 5, 9, 1, 14, 6, 10, 2
1_15_06 15
8_23_12 8, 16, 4, 12, 9, 1, 5, 13
7_8_02 3, 11, 15, 7, 8, 16, 4
6_1_10 6, 14, 2, 10, 7, 15
1_25_14 10
3_14_16 8, 16, 4
5_22_20 12, 4, 8, 16, 9
6_16_20 14, 6, 10, 2, 7, 15
1_9_22 14
1_20_06 8
2_31_10 9, 1
6_15_12 10, 2, 6, 14, 7, 15
8_28_20 13, 5, 9, 1, 14, 6, 10, 2
2_17_20 11, 3
3_10_08 3, 11, 15
7_14_12 10, 2, 6, 14, 3, 11, 15
5_5_22 13, 5, 9, 1, 14
6_12_22 14, 6, 10, 2, 11, 3
3_18_00 13, 5, 9
5_21_02 3, 11, 15, 7, 4
3_25_06 6, 14, 2
4_11_18 12, 4, 8, 16
5_21_06 5, 13, 1, 9, 6
6_14_00 4, 12, 16, 8, 13, 5
5_17_12 7, 15, 3, 11, 8
4_7_14 9, 1, 5, 13
4_13_06 7, 15, 3, 11
1_30_04 2
1_11_02 12
5_30_16 12, 4, 8, 16, 5
5_3_06 4, 12, 16, 8, 13
8_5_08 6, 14, 2, 10, 7, 15, 3, 11
1_14_22 11
3_3_08 5, 13, 9
1_1_10 6
2_24_02 15, 7
7_26_16 11, 3, 7, 15, 8, 16, 4
7_5_16 10, 2, 6, 14, 11, 3, 7
5_19_00 1, 9, 13, 5, 10
4_2_18 10, 2, 6, 14
5_23_00 2, 10, 14, 6, 11
6_8_02 3, 11, 15, 7, 16, 8
1_25_08 7
8_27_12 9, 1, 5, 13, 10, 2, 6, 14
6_14_06 7, 15, 3, 11, 16, 8
7_3_02 2, 10, 14, 6, 11, 3, 7
2_12_06 2, 10
4_7_02 3, 11, 15, 7
4_20_04 3, 11, 15, 7
1_15_18 5
7_1_00 1, 9, 13, 5, 2, 10, 14
5_19_06 4, 12, 16, 8, 13
7_3_06 4, 12, 16, 8, 13, 5, 9
7_9_20 13, 5, 9, 1, 14, 6, 10
8_15_22 15, 7, 11, 3, 12, 4, 8, 16
7_10_04 5, 13, 1, 9, 2, 10, 14
8_30_16 12, 4, 8, 16, 9, 1, 5, 13
2_8_18 7, 15
1_23_20 4
7_27_12 9, 1, 5, 13, 2, 10, 14
5_6_22 13, 5, 9, 1, 10
3_16_06 3, 11, 7
2_19_20 11, 3
1_24_04 8
5_29_04 6, 14, 2, 10, 3
1_18_16 5
7_5_02 3, 11, 15, 7, 4, 12, 16
5_20_16 9, 1, 5, 13, 14
5_4_04 3, 11, 15, 7, 8
4_6_14 9, 1, 5, 13
1_25_00 3
6_20_16 9, 1, 5, 13, 6, 14
1_24_22 1
2_30_08 4, 12
6_7_10 7, 15, 3, 11, 8, 16
4_11_16 11, 3, 7, 15
3_20_20 7, 15, 11
2_29_20 14, 6
2_2_22 8, 16
2_26_06 2, 10
7_15_22 15, 7, 11, 3, 4, 12, 16
7_18_20 11, 3, 7, 15, 8, 16, 4
2_5_04 4, 12
7_28_12 9, 1, 5, 13, 14, 6, 10
4_22_06 5, 13, 1, 9
4_22_10 7, 15, 3, 11
2_13_22 15, 7
1_11_00 11
8_30_20 14, 6, 10, 2, 11, 3, 7, 15
1_20_00 5
1_2_10 2
4_23_08 6, 14, 2, 10
3_8_18 7, 15, 11
7_17_08 5, 13, 1, 9, 6, 14, 2
2_17_08 5, 13
1_6_02 15
3_5_22 13, 5, 9
1_21_00 2
6_18_10 6, 14, 2, 10, 3, 11
5_2_10 6, 14, 2, 10, 3
7_31_22 15, 7, 11, 3, 4, 12, 16
7_14_02 5, 13, 1, 9, 14, 6, 10
1_29_14 11
5_19_06 4, 12, 16, 8, 13
2_23_12 8, 16
6_13_04 6, 14, 2, 10, 3, 11
1_6_00 14
3_15_00 4,12, 8
1_29_22 15
3_16_02 1, 9, 5
3_19_08 5, 13, 9
4_27_02 4, 12, 16, 8
3_25_20 13, 5, 9
4_9_08 7, 15, 3, 11
4_7_12 8, 16, 4, 12
3_20_20 7, 15, 11
4_25_06 6, 14, 2, 10
5_13_08 8, 16, 4, 12, 5
2_6_16 6, 14
2_27_08 7, 15
5_4_10 6, 14, 2, 10, 11
1_22_22 9
3_4_00 13, 5, 1
4_10_18 12, 4, 8, 16
1_26_04 1
1_7_22 5
8_1_04 3, 11, 15, 7, 4, 12, 16, 8
1_25_18 12
1_16_10 13
5_12_02 4, 12, 16, 8, 9
6_15_18 13, 5, 9, 1, 10, 2
8_25_08 7, 15, 3, 11, 8, 16, 4, 12
2_6_00 14, 6
4_9_02 4, 12, 16, 8
1_14_02 1
3_23_08 6, 14, 10
1_25_06 6
3_4_18 6, 14, 10
6_21_10 7, 15, 3, 11, 8, 16
6_16_04 6, 14, 2, 10, 15, 7
2_31_08 8, 16
8_30_14 11, 3, 7, 15, 8, 16, 4, 12
5_15_06 7, 15, 3, 11, 12
8_18_20 11, 3, 7, 15, 12, 4, 8, 16
5_5_20 12, 4, 8, 16, 13
1_14_12 6
3_31_04 6, 14, 10
1_10_10 4
2_7_20 12, 4
2_3_16 9, 1
1_26_18 8
6_31_12 10, 2, 6, 14, 7, 15
5_26_20 13, 5, 9, 1, 10
5_18_16 9, 1, 5, 13, 6
7_13_20 14, 6, 10, 2, 11, 3, 7
5_16_18 13, 5, 9, 1, 14
8_28_16 11, 3, 7, 15, 12, 4, 8, 16
6_28_08 7, 15, 3, 11, 4, 12
7_10_18 12, 4, 8, 16, 9, 1, 5
5_29_16 12, 4, 8, 16, 9
3_10_12 5, 13, 1
8_17_12 7, 15, 3, 11, 8, 16, 4, 12
6_31_16 12, 4, 8, 16, 9, 1
2_17_12 7, 15
6_26_18 12, 4, 8, 16, 9, 1
1_18_08 1
1_13_12 10
3_7_12 8, 16, 12
5_19_16 9, 1, 5, 13, 2
6_19_02 2, 10, 14, 6, 3, 11
3_10_06 2, 10, 14
5_9_04 5, 13, 1, 9, 6
4_22_12 8, 16, 4, 12
8_29_12 10, 2, 6, 14, 7, 15, 3, 11
3_21_14 9, 1, 5
7_8_16 10, 2, 6, 14, 15, 7, 11
8_16_10 9, 1, 5, 13, 6, 14, 2, 10
1_12_06 10
4_14_14 11, 3, 7, 15
4_21_22 13, 5, 9, 1
5_30_14 11, 3, 7, 15, 4
8_8_16 10, 2, 6, 14, 11, 3, 7, 15
3_16_06 3, 11, 7
6_11_04 5, 13, 1, 9, 6, 14
5_2_18 10, 2, 6, 14, 7
7_12_22 14, 6, 10, 2, 3, 11, 15
3_30_00 16, 8, 12
3_12_18 8, 16, 12
7_9_04 5, 13, 1, 9, 6, 14, 2
2_10_04 1, 9
2_8_16 6, 14
1_15_04 14
5_10_14 10, 2, 6, 14, 7
8_9_00 3, 11, 15, 7, 4, 12, 16, 8
5_14_18 13, 5, 9, 1, 6
4_19_00 1, 9, 13, 5
7_31_04 6, 14, 2, 10, 11, 3, 7
5_4_12 7, 15, 3, 11, 12
8_11_04 5, 13, 1, 9, 6, 14, 2, 10
3_1_02 2, 10, 14
3_25_00 3, 11, 15
6_6_00 2, 10, 14, 6, 15, 7
3_22_22 9, 1, 5
8_4_02 2, 10, 14, 6, 3, 11, 15, 7
1_10_18 8
2_13_04 6, 14
6_3_04 3, 11, 15, 7, 4, 12
2_16_02 1, 9
7_7_18 11, 3, 7, 15, 4, 12, 16
3_21_10 7, 15, 3
8_17_18 10, 2, 6, 14, 11, 3, 7, 15
6_2_20 11, 3, 7, 15, 8, 16
1_30_00 16
8_19_02 2, 10, 14, 6, 3, 11, 15, 7
5_23_06 5, 13, 1, 9, 14
2_3_12 7, 15
5_30_10 9, 1, 5, 13, 2
4_12_12 9, 1, 5, 13
1_14_00 16
1_17_22 12
7_6_16 10, 2, 6, 14, 7, 15, 3
6_16_20 14, 6, 10, 2, 7, 15
3_22_18 7, 15, 3
4_3_10 6, 14, 2, 10
1_2_10 2
1_4_22 16
2_19_18 10, 2
2_30_22 11, 3
7_14_06 7, 15, 3, 11, 16, 8, 12
7_11_20 13, 5, 9, 1, 6, 14, 2
6_31_08 8, 16, 4, 12, 5, 13
4_31_20 14, 6, 10, 2
1_24_16 14
3_16_02 1, 9, 5
7_17_00 1, 9, 13, 5, 2, 10, 14
7_11_08 7, 15, 3, 11, 16, 8, 12
2_1_06 4, 12
5_30_16 12, 4, 8, 16, 5
8_11_06 6, 14, 2, 10, 7, 15, 3, 11
7_28_22 14, 6, 10, 2, 3, 11, 15
7_5_18 11, 3, 7, 15, 12, 4, 8
3_17_14 8, 16, 4
8_27_02 4, 12, 16, 8, 5, 13, 1, 9
2_12_08 3, 11
5_1_00 1, 9, 13, 5, 2
7_3_08 5, 13, 1, 9, 14, 6, 10
3_4_10 2, 10, 6
1_24_06 9
4_11_14 10, 2, 6, 14
5_11_00 3, 11, 15, 7, 12
2_17_10 6, 14
1_25_10 8
6_16_14 11, 3, 7, 15, 4, 12
3_22_02 15, 7, 11
8_1_22 12, 4, 8, 16, 13, 5, 9, 1
1_27_18 4
5_28_22 14, 6, 10, 2, 3
8_20_04 3, 11, 15, 7, 4, 12, 16, 8
7_17_12 7, 15, 3, 11, 8, 16, 4
2_21_04 4, 12
7_5_06 5, 13, 1, 9, 6, 14, 2
4_19_10 6, 14, 2, 10
1_28_20 1
5_31_04 6, 14, 2, 10, 11
7_22_08 6, 14, 2, 10, 3, 11, 15
3_11_20 13, 5, 1
6_16_16 12, 4, 8, 16, 5, 13
4_11_04 5, 13, 1, 9
8_11_22 14, 6, 10, 2, 15, 7, 11, 3
3_23_10 7, 15, 11
6_9_22 14, 6, 10, 2, 15, 7
4_7_14 9, 1, 5, 13
8_13_06 7, 15, 3, 11, 4, 12, 16, 8
5_13_18 13, 5, 9, 1, 10
7_14_20 14, 6, 10, 2, 7, 15, 3
6_6_16 10, 2, 6, 14, 7, 15
7_15_14 11, 3, 7, 15, 16, 8, 12
1_10_02 16
3_4_22 8, 16, 12
4_20_04 3, 11, 15, 7
8_20_02 2, 10, 14, 6, 3, 11, 15, 7
8_9_06 6, 14, 2, 10, 7, 15, 3, 11
1_27_12 1
3_11_12 9, 1, 13
2_2_12 3, 11
6_28_06 6, 14, 2, 10, 3, 11
2_20_16 5, 13
4_26_04 5, 13, 1, 9
1_9_22 14
1_31_14 3
5_10_12 9, 1, 5, 13, 6
5_10_08 7, 15, 3, 11, 4
2_5_14 9, 1
8_1_16 9, 1, 5, 13, 10, 2, 6, 14
3_5_16 10, 2, 6
1_12_00 7
7_21_06 5, 13, 1, 9, 6, 14, 2
6_25_16 11, 3, 7, 15, 12, 4
3_5_00 2, 10, 14
6_26_22 14, 6, 10, 2, 11, 3
1_22_22 9
8_18_04 3, 11, 15, 7, 4, 12, 16, 8
2_10_14 6, 14
7_4_18 10, 2, 6, 14, 15, 7, 11
3_15_18 13, 5, 1
6_17_00 1, 9, 13, 5, 2, 10
4_6_06 5, 13, 1, 9
7_15_04 6, 14, 2, 10, 11, 3, 7
2_2_08 1, 9
2_5_22 13, 5
2_6_08 2, 10
2_26_04 1, 9
4_13_04 6, 14, 2, 10
3_26_14 6, 14, 2
5_26_16 11, 3, 7, 15, 8
3_31_00 4,12, 8
6_20_06 4, 12, 16, 8, 1, 9
7_24_18 11, 3, 7, 15, 16, 8, 12
6_9_10 8, 16, 4, 12, 9, 1
5_6_14 9, 1, 5, 13, 6
6_15_00 4, 12, 16, 8, 1, 9
5_26_06 6, 14, 2, 10, 3
7_2_18 10, 2, 6, 14, 7, 15, 3
4_2_16 9, 1, 5, 13
1_3_02 10
1_16_22 3
8_10_00 3, 11, 15, 7, 4, 12, 16, 8
4_31_06 7, 15, 3, 11
8_24_18 11, 3, 7, 15, 12, 4, 8, 16
7_4_08 5, 13, 1, 9, 10, 2, 6
1_18_06 16
1_31_12 2
7_8_00 2, 10, 14, 6, 7, 15, 3
3_28_16 7, 15, 11
1_17_16 9
6_24_16 10, 2, 6, 14, 7, 15
2_4_02 14, 6
8_2_06 4, 12, 16, 8, 5, 13, 1, 9
6_19_16 9, 1, 5, 13, 10, 2
8_29_04 6, 14, 2, 10, 3, 11, 15, 7
2_5_04 4, 12
4_10_16 11, 3, 7, 15
5_31_22 15, 7, 11, 3, 4
3_29_22 15, 7, 11
2_17_14 8, 16
8_14_10 9, 1, 5, 13, 6, 14, 2, 10
3_18_16 5, 13, 1
7_9_22 14, 6, 10, 2, 15, 7, 11
3_3_02 2, 10, 6
1_3_00 9
5_23_22 13, 5, 9, 1, 6
1_27_16 3
8_30_20 14, 6, 10, 2, 11, 3, 7, 15
4_17_16 9, 1, 5, 13
5_14_10 9, 1, 5, 13, 2
7_10_18 12, 4, 8, 16, 9, 1, 5
5_30_22 15, 7, 11, 3, 8
7_31_00 4, 12, 16, 8, 9, 1, 5
8_12_10 8, 16, 4, 12, 9, 1, 5, 13
7_1_12 7, 15, 3, 11, 8, 16, 4
1_30_12 6
1_28_16 15
1_16_04 10
3_10_20 9, 1, 5
7_6_14 9, 1, 5, 13, 6, 14, 2
8_20_12 7, 15, 3, 11, 8, 16, 4, 12
8_18_04 3, 11, 15, 7, 4, 12, 16, 8
7_3_12 7, 15, 3, 11, 16, 8, 12
8_12_04 5, 13, 1, 9, 6, 14, 2, 10
4_6_00 2, 10, 14, 6
5_5_06 5, 13, 1, 9, 6
1_23_02 11
1_26_06 2
3_12_02 16, 8, 4
6_25_04 5, 13, 1, 9, 6, 14
6_19_04 3, 11, 15, 7, 4, 12
7_31_00 4, 12, 16, 8, 9, 1, 5
2_2_00 13, 5
6_4_18 10, 2, 6, 14, 7, 15
6_9_00 3, 11, 15, 7, 4, 12
2_5_06 5, 13
1_23_04 12
3_3_12 7, 15, 11
2_19_08 5, 13
8_13_18 13, 5, 9, 1, 10, 2, 6, 14
6_14_04 6, 14, 2, 10, 15, 7
7_13_22 15, 7, 11, 3, 12, 4, 8
5_14_00 4, 12, 16, 8, 13
6_7_18 11, 3, 7, 15, 12, 4
1_30_04 2
4_15_04 6, 14, 2, 10
8_5_14 9, 1, 5, 13, 10, 2, 6, 14
8_14_16 12, 4, 8, 16, 9, 1, 5, 13
5_29_14 11, 3, 7, 15, 8
3_12_08 3, 11, 7
2_1_00 1, 9
4_23_16 10, 2, 6, 14
7_14_06 7, 15, 3, 11, 16, 8, 12
6_31_20 14, 6, 10, 2, 11, 3
7_9_14 10, 2, 6, 14, 11, 3, 7
7_3_08 5, 13, 1, 9, 14, 6, 10
6_30_06 7, 15, 3, 11, 16, 8
8_7_10 7, 15, 3, 11, 8, 16, 4, 12
4_12_16 11, 3, 7, 15
2_24_06 1, 9
6_18_18 10, 2, 6, 14, 7, 15
6_8_00 2, 10, 14, 6, 15, 7
6_8_04 4, 12, 16, 8, 1, 9
8_7_18 11, 3, 7, 15, 12, 4, 8, 16
7_7_02 3, 11, 15, 7, 12, 4, 8
6_13_08 8, 16, 4, 12, 5, 13
8_19_10 6, 14, 2, 10, 7, 15, 3, 11
1_7_00 10
5_26_08 7, 15, 3, 11, 4
2_4_18 6, 14
2_8_08 2, 10
1_7_02 11
5_29_16 12, 4, 8, 16, 9
5_1_00 1, 9, 13, 5, 2
6_30_22 15, 7, 11, 3, 8, 16
2_4_20 7, 15
1_26_18 8
7_12_12 9, 1, 5, 13, 14, 6, 10
2_23_00 2, 10
7_11_00 3, 11, 15, 7, 12, 4, 8
7_16_22 15, 7, 11, 3, 16, 8, 12
4_4_08 5, 13, 1, 9
1_13_00 4
3_14_02 1, 9, 13
3_12_00 15, 7, 3
1_28_20 1
6_13_12 10, 2, 6, 14, 7, 15
6_9_20 13, 5, 9, 1, 14, 6
4_21_02 3, 11, 15, 7
1_25_22 14
1_16_04 10
2_2_16 5, 13
2_20_22 8, 16
4_26_06 6, 14, 2, 10
7_13_22 15, 7, 11, 3, 12, 4, 8
4_5_06 5, 13, 1, 9
7_5_02 3, 11, 15, 7, 4, 12, 16
8_22_02 3, 11, 15, 7, 4, 12, 16, 8
1_13_00 4
1_3_10 14
2_30_06 3, 11
5_17_18 10, 2, 6, 14, 11
2_3_10 6, 14
2_13_22 15, 7
3_19_18 10, 2, 14
3_5_00 2, 10, 14
6_31_20 14, 6, 10, 2, 11, 3
7_24_18 11, 3, 7, 15, 16, 8, 12
5_18_16 9, 1, 5, 13, 6
5_25_10 8, 16, 4, 12, 9
8_8_10 7, 15, 3, 11, 8, 16, 4, 12
2_18_16 5, 13
8_9_14 10, 2, 6, 14, 11, 3, 7, 15
1_24_08 10
4_8_22 13, 5, 9, 1
7_15_02 5, 13, 1, 9, 10, 2, 6
3_14_20 10, 2, 6
2_11_18 12, 4
5_10_22 14, 6, 10, 2, 11
5_26_18 12, 4, 8, 16, 9
2_6_14 5, 13
7_14_14 11, 3, 7, 15, 4, 12, 16
8_14_14 11, 3, 7, 15, 8, 16, 4, 12
3_4_08 1, 9, 5
7_17_14 8, 16, 4, 12, 9, 1, 5
3_6_02 15, 7, 11
6_19_10 6, 14, 2, 10, 7, 15
4_5_00 2, 10, 14, 6
8_22_06 5, 13, 1, 9, 6, 14, 2, 10
3_23_06 5, 13, 9
6_21_08 6, 14, 2, 10, 7, 15
8_29_22 15, 7, 11, 3, 12, 4, 8, 16
5_10_20 13, 5, 9, 1, 10
4_18_00 1, 9, 13, 5
8_6_12 8, 16, 4, 12, 9, 1, 5, 13
6_7_20 12, 4, 8, 16, 13, 5
2_19_00 1, 9
5_7_06 5, 13, 1, 9, 14
7_3_10 6, 14, 2, 10, 15, 7, 11
2_24_18 7, 15
3_13_16 12, 4, 8
7_26_14 10, 2, 6, 14, 7, 15, 3
5_19_16 9, 1, 5, 13, 2
3_4_04 15, 7, 3
3_4_04 15, 7, 3
2_20_04 15, 7
5_14_08 8, 16, 4, 12, 1
1_15_14 3
8_25_18 12, 4, 8, 16, 13, 5, 9, 1
8_29_10 9, 1, 5, 13, 6, 14, 2, 10
2_7_14 9, 1
7_15_18 13, 5, 9, 1, 2, 10, 14
3_18_08 1, 9, 13
1_13_18 13
8_2_08 5, 13, 1, 9, 6, 14, 2, 10
5_4_06 4, 12, 16, 8, 9
8_23_08 6, 14, 2, 10, 7, 15, 3, 11
8_22_14 9, 1, 5, 13, 10, 2, 6, 14
4_30_08 8, 16, 4, 12
8_30_20 14, 6, 10, 2, 11, 3, 7, 15
1_13_04 6
6_8_00 2, 10, 14, 6, 15, 7
6_29_14 11, 3, 7, 15, 8, 16
3_3_06 4, 12, 8
5_10_18 12, 4, 8, 16, 9
4_2_04 3, 11, 15, 7
7_2_04 3, 11, 15, 7, 16, 8, 12
5_10_12 9, 1, 5, 13, 6
3_10_14 6, 14, 2
8_14_22 15, 7, 11, 3, 12, 4, 8, 16
7_6_06 5, 13, 1, 9, 2, 10, 14
2_5_12 8, 16
2_8_06 1, 9
5_30_16 12, 4, 8, 16, 5
4_10_16 11, 3, 7, 15
1_21_04 4
5_20_12 7, 15, 3, 11, 12
1_16_16 16
1_14_02 1
3_10_20 9, 1, 5
4_26_06 6, 14, 2, 10
4_14_10 9, 1, 5, 13
4_8_20 12, 4, 8, 16
2_16_16 8, 16
5_17_12 7, 15, 3, 11, 8
4_1_00 1, 9, 13, 5
1_7_18 3
3_8_02 15, 7, 3
4_14_20 14, 6, 10, 2
3_8_06 1, 9, 5
4_25_12 9, 1, 5, 13
6_29_22 15, 7, 11, 3, 12, 4
3_8_18 7, 15, 11
8_27_02 4, 12, 16, 8, 5, 13, 1, 9
4_9_14 10, 2, 6, 14
8_10_22 14, 6, 10, 2, 15, 7, 11, 3
6_29_02 5, 13, 1, 9, 2, 10
6_23_04 4, 12, 16, 8, 5, 13
5_3_22 12, 4, 8, 16, 5
7_11_00 3, 11, 15, 7, 12, 4, 8
2_11_22 14, 6
3_9_14 10, 2, 6
1_30_02 1
5_14_22 15, 7, 11, 3, 8
1_30_14 7
3_26_02 16, 8, 12
1_28_06 10
5_24_16 10, 2, 6, 14, 15
4_8_20 12, 4, 8, 16
5_17_12 7, 15, 3, 11, 8
6_31_10 9, 1, 5, 13, 6, 14
7_3_08 5, 13, 1, 9, 14, 6, 10
8_22_00 2, 10, 14, 6, 3, 11, 15, 7
2_21_10 7, 15
2_30_14 7, 15
2_17_00 1, 9
8_9_12 9, 1, 5, 13, 10, 2, 6, 14
8_17_02 2, 10, 14, 6, 3, 11, 15, 7
3_12_20 9, 1, 13
5_21_14 9, 1, 5, 13, 10
1_23_18 3
8_10_18 12, 4, 8, 16, 13, 5, 9, 1
2_16_20 10, 2
2_7_16 10, 2
2_16_10 5, 13
8_27_22 14, 6, 10, 2, 15, 7, 11, 3
1_26_10 4
2_9_06 6, 14
5_29_22 15, 7, 11, 3, 12
2_16_00 16, 8
3_29_10 9, 1, 5
5_5_18 11, 3, 7, 15, 12
7_23_06 5, 13, 1, 9, 14, 6, 10
1_16_02 9
8_12_08 7, 15, 3, 11, 8, 16, 4, 12
4_3_02 2, 10, 14, 6
2_30_04 2, 10
2_21_14 9, 1
6_13_14 11, 3, 7, 15, 8, 16
3_17_04 3, 11, 15
3_18_10 2, 10, 14
8_10_22 14, 6, 10, 2, 15, 7, 11, 3
2_6_10 3, 11
6_18_00 1, 9, 13, 5, 14, 6
6_6_04 4, 12, 16, 8, 1, 9
4_10_10 8, 16, 4, 12
2_27_00 3, 11
2_20_22 8, 16
1_22_00 14
8_6_06 5, 13, 1, 9, 6, 14, 2, 10
6_8_22 13, 5, 9, 1, 10, 2
7_4_02 2, 10, 14, 6, 7, 15, 3
5_2_18 10, 2, 6, 14, 7
5_28_00 3, 11, 15, 7, 8
7_12_02 4, 12, 16, 8, 9, 1, 5
7_26_20 13, 5, 9, 1, 10, 2, 6
1_6_00 14
4_16_18 13, 5, 9, 1
7_9_20 13, 5, 9, 1, 14, 6, 10
1_20_02 6
3_26_18 8, 16, 4
5_1_16 9, 1, 5, 13, 10
4_8_10 7, 15, 3, 11
1_3_20 3
3_6_22 9, 1, 5
6_18_08 5, 13, 1, 9, 2, 10
1_28_12 13
3_27_22 14, 6, 2
3_12_16 7, 15, 11
1_28_22 2
8_8_14 9, 1, 5, 13, 10, 2, 6, 14
8_2_06 4, 12, 16, 8, 5, 13, 1, 9
3_26_10 4, 12, 16
8_7_12 8, 16, 4, 12, 9, 1, 5, 13
2_18_16 5, 13
4_25_08 7, 15, 3, 11
3_18_20 7, 15, 3
7_26_14 10, 2, 6, 14, 7, 15, 3
2_18_16 5, 13
2_29_00 4,12
4_6_20 12, 4, 8, 16
6_21_02 3, 11, 15, 7, 4, 12
6_4_02 2, 10, 14, 6, 15, 7
1_14_06 3
8_11_10 8, 16, 4, 12, 9, 1, 5, 13
7_22_16 10, 2, 6, 14, 7, 15, 3
8_20_00 1, 9, 13, 5, 2, 10, 14, 6
2_10_06 2, 10
1_29_20 14
7_25_02 4, 12, 16, 8, 5, 13, 1
2_14_02 1, 9
6_29_02 5, 13, 1, 9, 2, 10
8_10_12 9, 1, 5, 13, 10, 2, 6, 14
5_5_20 12, 4, 8, 16, 13
5_26_22 14, 6, 10, 2, 11
6_29_08 8, 16, 4, 12, 5, 13
6_28_00 3, 11, 15, 7, 16, 8
2_29_08 8, 16
4_15_06 7, 15, 3, 11
3_13_18 13, 5, 9
4_22_06 5, 13, 1, 9
5_5_04 4, 12, 16, 8, 5
8_7_12 8, 16, 4, 12, 9, 1, 5, 13
7_6_20 12, 4, 8, 16, 9, 1, 5
4_18_20 11, 3, 7, 15
6_9_14 10, 2, 6, 14, 11, 3
6_6_22 13, 5, 9, 1, 10, 2
7_22_22 13, 5, 9, 1, 10, 2, 6
8_12_18 12, 4, 8, 16, 13, 5, 9, 1
2_7_04 4, 12
5_31_22 15, 7, 11, 3, 4
7_25_08 7, 15, 3, 11, 8, 16, 4
8_25_18 12, 4, 8, 16, 13, 5, 9, 1
7_1_20 11, 3, 7, 15, 12, 4, 8
2_25_18 12, 4
4_31_22 15, 7, 11, 3
3_3_14 8, 16, 12
8_17_04 3, 11, 15, 7, 4, 12, 16, 8
2_28_16 7, 15
8_6_00 2, 10, 14, 6, 3, 11, 15, 7
5_31_12 10, 2, 6, 14, 15
7_31_18 13, 5, 9, 1, 2, 10, 14
5_13_02 5, 13, 1, 9, 2
2_22_22 9, 1
5_3_08 5, 13, 1, 9, 14
4_11_02 4, 12, 16, 8
5_5_18 11, 3, 7, 15, 12
2_4_02 14, 6
5_13_18 13, 5, 9, 1, 10
5_7_06 5, 13, 1, 9, 14
8_22_12 8, 16, 4, 12, 9, 1, 5, 13
8_6_00 2, 10, 14, 6, 3, 11, 15, 7
5_17_08 5, 13, 1, 9, 6
3_19_18 10, 2, 14
4_9_22 14, 6, 10, 2
4_26_16 11, 3, 7, 15
6_31_04 6, 14, 2, 10, 3, 11
2_17_14 8, 16
8_25_04 5, 13, 1, 9, 6, 14, 2, 10
2_7_02 3, 11
2_12_02 16, 8
3_6_06 1, 9, 13
3_14_06 3, 11, 15
1_20_20 15
4_31_10 9, 1, 5, 13
8_30_20 14, 6, 10, 2, 11, 3, 7, 15
7_11_06 6, 14, 2, 10, 15, 7, 11
8_9_02 4, 12, 16, 8, 5, 13, 1, 9
3_19_14 8, 16, 12
7_27_18 12, 4, 8, 16, 5, 13, 1
4_13_18 13, 5, 9, 1
7_9_22 14, 6, 10, 2, 15, 7, 11
2_30_06 3, 11
4_21_00 2, 10, 14, 6
8_17_08 5, 13, 1, 9, 6, 14, 2, 10
5_4_12 7, 15, 3, 11, 12
1_11_14 2
1_19_02 10
6_29_10 9, 1, 5, 13, 6, 14
4_1_12 7, 15, 3, 11
8_3_18 10, 2, 6, 14, 11, 3, 7, 15
7_11_18 12, 4, 8, 16, 5, 13, 1
7_12_08 7, 15, 3, 11, 12, 4, 8
2_29_18 13, 5
7_9_08 7, 15, 3, 11, 8, 16, 4
7_30_12 10, 2, 6, 14, 3, 11, 15
7_21_16 10, 2, 6, 14, 11, 3, 7
6_17_12 7, 15, 3, 11, 8, 16
7_20_12 7, 15, 3, 11, 12, 4, 8
3_15_10 9, 1, 13
6_30_20 14, 6, 10, 2, 7, 15
4_21_16 10, 2, 6, 14
5_23_02 3, 11, 15, 7, 12
2_10_14 6, 14
5_13_08 8, 16, 4, 12, 5
1_30_22 11
1_12_04 9
4_17_08 5, 13, 1, 9
7_21_18 11, 3, 7, 15, 12, 4, 8
1_14_06 3
6_11_16 11, 3, 7, 15, 12, 4
5_30_12 10, 2, 6, 14, 3
5_21_12 8, 16, 4, 12, 9
4_15_14 11, 3, 7, 15
8_18_18 10, 2, 6, 14, 11, 3, 7, 15
5_6_20 12, 4, 8, 16, 9
8_14_12 10, 2, 6, 14, 7, 15, 3, 11
7_17_02 2, 10, 14, 6, 3, 11, 15
5_3_20 11, 3, 7, 15, 4
6_12_02 4, 12, 16, 8, 1, 9
1_24_20 16
8_7_00 2, 10, 14, 6, 3, 11, 15, 7
8_19_08 5, 13, 1, 9, 6, 14, 2, 10
8_25_04 5, 13, 1, 9, 6, 14, 2, 10
3_8_12 4, 12, 8
6_25_00 3, 11, 15, 7, 4, 12
5_29_20 14, 6, 10, 2, 11
3_1_22 12, 4, 8
3_2_22 8, 16, 4
2_17_22 12, 4
4_11_10 8, 16, 4, 12
8_2_12 7, 15, 3, 11, 8, 16, 4, 12
7_6_12 8, 16, 4, 12, 5, 13, 1
6_11_10 8, 16, 4, 12, 9, 1
4_13_06 7, 15, 3, 11
7_5_04 4, 12, 16, 8, 5, 13, 1
6_19_02 2, 10, 14, 6, 3, 11
8_19_00 1, 9, 13, 5, 2, 10, 14, 6
3_19_06 4, 12, 8
7_27_14 10, 2, 6, 14, 3, 11, 15
2_17_02 2, 10
6_7_18 11, 3, 7, 15, 12, 4
1_26_10 4
8_14_02 5, 13, 1, 9, 2, 10, 14, 6
1_15_14 3
3_11_02 4, 12, 8
5_21_22 13, 5, 9, 1, 14
8_9_16 11, 3, 7, 15, 12, 4, 8, 16
4_19_10 6, 14, 2, 10
1_30_00 16
7_3_06 4, 12, 16, 8, 13, 5, 9
4_1_06 4, 12, 16, 8
8_24_18 11, 3, 7, 15, 12, 4, 8, 16
6_22_14 9, 1, 5, 13, 6, 14
8_23_14 9, 1, 5, 13, 10, 2, 6, 14
6_13_06 7, 15, 3, 11, 4, 12
1_3_14 16
7_12_22 14, 6, 10, 2, 3, 11, 15
4_16_10 9, 1, 5, 13
1_25_20 13
1_31_12 2
5_12_12 9, 1, 5, 13, 14
5_16_12 10, 2, 6, 14, 11
6_21_04 4, 12, 16, 8, 5, 13
4_6_18 11, 3, 7, 15
3_2_16 5, 13, 1
2_23_14 9, 1
6_23_04 4, 12, 16, 8, 5, 13
8_1_04 3, 11, 15, 7, 4, 12, 16, 8
5_11_18 12, 4, 8, 16, 5
8_4_18 10, 2, 6, 14, 11, 3, 7, 15
3_17_00 1, 9, 13
3_30_10 5, 13, 1
4_1_10 6, 14, 2, 10
6_20_00 1, 9, 13, 5, 14, 6
4_9_14 10, 2, 6, 14
2_23_14 9, 1
2_23_14 9, 1
6_25_04 5, 13, 1, 9, 6, 14
5_18_18 10, 2, 6, 14, 7
5_23_22 13, 5, 9, 1, 6
6_28_12 9, 1, 5, 13, 6, 14
2_30_10 5, 13
3_5_12 8, 16, 4
1_21_20 12
2_5_02 3, 11
8_10_00 3, 11, 15, 7, 4, 12, 16, 8
4_14_12 10, 2, 6, 14
3_2_00 13, 5, 9
2_25_02 4, 12
5_5_00 2, 10, 14, 6, 3
1_19_00 9
6_13_06 7, 15, 3, 11, 4, 12
4_31_20 14, 6, 10, 2
2_23_10 7, 15
4_29_00 4,12, 16, 8
2_11_18 12, 4
2_17_20 11, 3
8_30_10 9, 1, 5, 13, 6, 14, 2, 10
2_14_02 1, 9
2_13_10 9, 1
6_21_10 7, 15, 3, 11, 8, 16
2_4_12 3, 11
3_23_14 9, 1, 13
4_28_08 7, 15, 3, 11
7_5_22 13, 5, 9, 1, 14, 6, 10
8_27_20 13, 5, 9, 1, 14, 6, 10, 2
3_9_16 11, 3, 7
5_5_04 4, 12, 16, 8, 5
2_31_12 10, 2
2_1_06 4, 12
6_20_04 3, 11, 15, 7, 16, 8
6_2_08 5, 13, 1, 9, 2, 10
8_3_14 8, 16, 4, 12, 9, 1, 5, 13
4_3_20 11, 3, 7, 15
2_19_10 6, 14
5_17_04 3, 11, 15, 7, 4
2_5_04 4, 12
8_8_06 5, 13, 1, 9, 6, 14, 2, 10
7_12_00 3, 11, 15, 7, 8, 16, 4
3_17_18 10, 2, 6
1_9_06 6
6_2_06 4, 12, 16, 8, 1, 9
6_23_22 13, 5, 9, 1, 14, 6
7_25_08 7, 15, 3, 11, 8, 16, 4
2_31_08 8, 16
3_14_02 1, 9, 13
5_10_16 11, 3, 7, 15, 8
7_30_16 12, 4, 8, 16, 5, 13, 1
2_22_00 14, 6
6_3_20 11, 3, 7, 15, 12, 4
7_12_00 3, 11, 15, 7, 8, 16, 4
2_13_16 12, 4
7_22_02 3, 11, 15, 7, 16, 8, 12
3_3_22 12, 4, 16
1_11_16 3
4_20_16 9, 1, 5, 13
5_16_00 4, 12, 16, 8, 5
8_31_04 6, 14, 2, 10, 3, 11, 15, 7
7_9_02 4, 12, 16, 8, 5, 13, 1
3_30_14 7, 15, 3
3_28_00 15, 7, 3
3_5_00 2, 10, 14
4_22_02 3, 11, 15, 7
2_13_08 8, 16
8_22_00 2, 10, 14, 6, 3, 11, 15, 7
1_29_04 6
6_29_02 5, 13, 1, 9, 2, 10
6_7_06 5, 13, 1, 9, 6, 14
4_10_16 11, 3, 7, 15
2_20_00 13, 5
6_24_04 4, 12, 16, 8, 1, 9
4_6_02 3, 11, 15, 7
1_10_06 2
3_11_22 14, 6, 2
8_23_02 3, 11, 15, 7, 4, 12, 16, 8
1_7_10 15
2_31_16 12, 4
2_6_16 6, 14
6_8_14 9, 1, 5, 13, 6, 14
4_22_04 4, 12, 16, 8
4_20_22 12, 4, 8, 16
6_1_02 2, 10, 14, 6, 3, 11
1_10_12 5
3_21_10 7, 15, 3
6_18_00 1, 9, 13, 5, 14, 6
6_16_16 12, 4, 8, 16, 5, 13
5_12_14 10, 2, 6, 14, 15
4_18_00 1, 9, 13, 5
2_5_08 6, 14
1_7_08 14
1_15_12 2
7_25_12 9, 1, 5, 13, 10, 2, 6
6_9_12 9, 1, 5, 13, 10, 2
4_24_06 5, 13, 1, 9
2_24_18 7, 15
7_29_22 15, 7, 11, 3, 12, 4, 8
5_16_10 9, 1, 5, 13, 10
4_22_02 3, 11, 15, 7
4_11_04 5, 13, 1, 9
8_10_14 10, 2, 6, 14, 11, 3, 7, 15
5_9_20 13, 5, 9, 1, 14
2_20_10 2, 10
6_18_10 6, 14, 2, 10, 3, 11
5_3_06 4, 12, 16, 8, 13
4_19_22 12, 4, 8, 16
7_29_06 7, 15, 3, 11, 4, 12, 16
8_29_14 11, 3, 7, 15, 8, 16, 4, 12
7_22_20 12, 4, 8, 16, 9, 1, 5
7_12_12 9, 1, 5, 13, 14, 6, 10
5_21_18 11, 3, 7, 15, 12
1_20_20 15
1_23_18 3
3_2_18 6, 14, 2
8_2_02 2, 10, 14, 6, 3, 11, 15, 7
3_25_04 5, 13, 1
7_3_14 8, 16, 4, 12, 1, 9, 13
2_13_16 12, 4
5_29_14 11, 3, 7, 15, 8
7_16_20 14, 6, 10, 2, 15, 7, 11
7_17_04 3, 11, 15, 7, 4, 12, 16
7_11_22 14, 6, 10, 2, 7, 15, 3
4_3_20 11, 3, 7, 15
1_24_00 6
8_22_14 9, 1, 5, 13, 10, 2, 6, 14
1_2_12 3
5_28_10 8, 16, 4, 12, 13
8_10_16 11, 3, 7, 15, 12, 4, 8, 16
4_2_00 1, 9, 13, 5
2_28_00 15, 7
6_13_22 15, 7, 11, 3, 12, 4
5_2_06 4, 12, 16, 8, 1
1_22_16 6
7_23_00 2, 10, 14, 6, 11, 3, 7
5_25_08 7, 15, 3, 11, 8
8_2_20 11, 3, 7, 15, 12, 4, 8, 16
6_19_02 2, 10, 14, 6, 3, 11
3_6_06 1, 9, 13
4_20_18 10, 2, 6, 14
5_20_00 1, 9, 13, 5, 6
8_31_18 13, 5, 9, 1, 10, 2, 6, 14
1_25_04 5
4_5_20 12, 4, 8, 16
2_23_10 7, 15
5_15_14 11, 3, 7, 15, 16
6_25_20 13, 5, 9, 1, 14, 6
3_29_18 13, 5, 9
8_14_20 14, 6, 10, 2, 11, 3, 7, 15
3_17_18 10, 2, 6
7_1_10 6, 14, 2, 10, 7, 15, 3
4_1_08 5, 13, 1, 9
6_23_20 12, 4, 8, 16, 13, 5
7_30_22 15, 7, 11, 3, 8, 16, 4
4_31_20 14, 6, 10, 2
1_20_20 15
5_7_10 7, 15, 3, 11, 16
4_28_06 6, 14, 2, 10
5_29_16 12, 4, 8, 16, 9
2_9_00 3, 11
3_12_14 6, 14, 10
1_15_18 5
5_31_16 12, 4, 8, 16, 1
3_18_14 4, 12, 16
5_10_08 7, 15, 3, 11, 4
7_17_06 4, 12, 16, 8, 5, 13, 1
8_18_10 6, 14, 2, 10, 7, 15, 3, 11
8_28_18 12, 4, 8, 16, 13, 5, 9, 1
7_6_00 2, 10, 14, 6, 15, 7, 11
3_30_18 9, 1, 5
5_14_00 4, 12, 16, 8, 13
2_12_10 4, 12
8_8_00 2, 10, 14, 6, 3, 11, 15, 7
6_15_14 11, 3, 7, 15, 8, 16
4_29_06 7, 15, 3, 11
6_15_16 12, 4, 8, 16, 9, 1
4_6_02 3, 11, 15, 7
8_21_16 10, 2, 6, 14, 11, 3, 7, 15
2_6_06 1, 9
8_25_18 12, 4, 8, 16, 13, 5, 9, 1
1_3_10 14
3_30_12 6, 14, 2
5_2_22 12, 4, 8, 16, 9
8_10_06 6, 14, 2, 10, 7, 15, 3, 11
8_13_06 7, 15, 3, 11, 4, 12, 16, 8
4_12_10 8, 16, 4, 12
5_13_16 12, 4, 8, 16, 9
7_18_12 7, 15, 3, 11, 4, 12, 16
6_17_18 10, 2, 6, 14, 11, 3
1_19_10 14
2_27_00 3, 11
7_27_02 4, 12, 16, 8, 13, 5, 9
1_31_10 1
4_31_18 13, 5, 9, 1
5_4_14 8, 16, 4, 12, 13
5_5_02 3, 11, 15, 7, 4
7_6_00 2, 10, 14, 6, 15, 7, 11
8_7_12 8, 16, 4, 12, 9, 1, 5, 13
5_6_08 6, 14, 2, 10, 3
8_5_06 5, 13, 1, 9, 6, 14, 2, 10
5_13_16 12, 4, 8, 16, 9
4_21_12 8, 16, 4, 12
3_28_06 2, 10, 6
3_1_18 10, 2, 6
1_24_14 13
4_18_22 12, 4, 8, 16
6_25_10 8, 16, 4, 12, 9, 1
4_31_00 4,12, 16, 8
2_19_16 9, 1
2_25_04 5, 13
1_25_04 5
8_14_06 7, 15, 3, 11, 4, 12, 16, 8
5_2_06 4, 12, 16, 8, 1
4_8_22 13, 5, 9, 1
6_11_14 10, 2, 6, 14, 11, 3
2_9_10 8, 16
5_28_10 8, 16, 4, 12, 13
3_17_12 7, 15, 3
4_19_08 5, 13, 1, 9
7_30_18 13, 5, 9, 1, 6, 14, 2
5_17_14 8, 16, 4, 12, 9
6_7_16 10, 2, 6, 14, 11, 3
8_6_18 11, 3, 7, 15, 12, 4, 8, 16
3_24_08 2, 10, 6
4_20_10 6, 14, 2, 10
4_29_14 11, 3, 7, 15
3_2_00 13, 5, 9
7_13_04 6, 14, 2, 10, 3, 11, 15
7_6_08 6, 14, 2, 10, 3, 11, 15
8_21_10 7, 15, 3, 11, 8, 16, 4, 12
6_13_08 8, 16, 4, 12, 5, 13
5_3_14 8, 16, 4, 12, 1
6_18_08 5, 13, 1, 9, 2, 10
4_18_22 12, 4, 8, 16
5_16_02 5, 13, 1, 9, 6
7_22_20 12, 4, 8, 16, 9, 1, 5
3_17_08 5, 13, 1
8_16_06 7, 15, 3, 11, 4, 12, 16, 8
8_4_16 9, 1, 5, 13, 10, 2, 6, 14
8_21_08 6, 14, 2, 10, 7, 15, 3, 11
5_5_00 2, 10, 14, 6, 3
1_9_14 10
5_3_16 9, 1, 5, 13, 2
8_21_22 13, 5, 9, 1, 14, 6, 10, 2
1_30_06 3
3_14_14 7, 15, 3
3_8_02 15, 7, 3
6_10_06 6, 14, 2, 10, 3, 11
3_24_08 2, 10, 6
4_11_10 8, 16, 4, 12
7_6_20 12, 4, 8, 16, 9, 1, 5
1_28_10 12
1_5_18 11
1_23_02 11
6_26_18 12, 4, 8, 16, 9, 1
8_2_22 12, 4, 8, 16, 13, 5, 9, 1
6_2_06 4, 12, 16, 8, 1, 9
4_15_20 14, 6, 10, 2
6_8_14 9, 1, 5, 13, 6, 14
4_22_18 11, 3, 7, 15
8_11_06 6, 14, 2, 10, 7, 15, 3, 11
7_9_08 7, 15, 3, 11, 8, 16, 4
7_8_06 5, 13, 1, 9, 10, 2, 6
1_28_22 2
6_15_12 10, 2, 6, 14, 7, 15
6_5_12 8, 16, 4, 12, 9, 1
2_30_16 8, 16
6_12_04 5, 13, 1, 9, 2, 10
6_4_14 8, 16, 4, 12, 5, 13
1_8_06 9
8_8_06 5, 13, 1, 9, 6, 14, 2, 10
5_15_12 10, 2, 6, 14, 15
1_1_08 5
5_7_14 9, 1, 5, 13, 2
3_26_08 3, 11, 15
4_30_20 14, 6, 10, 2
1_20_18 14
2_30_22 11, 3
6_26_02 4, 12, 16, 8, 1, 9
5_4_20 11, 3, 7, 15, 16
3_19_02 2, 10, 6
2_29_14 11, 3
8_25_10 8, 16, 4, 12, 9, 1, 5, 13
2_3_08 5, 13
5_4_14 8, 16, 4, 12, 13
5_22_04 4, 12, 16, 8, 1
6_28_18 12, 4, 8, 16, 9, 1
4_25_02 4, 12, 16, 8
3_17_06 4, 12, 16
5_1_18 10, 2, 6, 14, 11
1_22_18 7
4_13_08 8, 16, 4, 12
5_17_12 7, 15, 3, 11, 8
7_20_14 8, 16, 4, 12, 13, 5, 9
2_8_22 9, 1
7_24_22 13, 5, 9, 1, 2, 10, 14
1_30_06 3
7_8_02 3, 11, 15, 7, 8, 16, 4
8_22_14 9, 1, 5, 13, 10, 2, 6, 14
6_22_16 10, 2, 6, 14, 7, 15
3_29_14 11, 3, 7
1_21_22 13
2_3_18 10, 2
6_4_08 5, 13, 1, 9, 2, 10
2_9_00 3, 11
7_23_22 13, 5, 9, 1, 6, 14, 2
2_15_06 7, 15
3_25_02 4, 12, 16
6_8_00 2, 10, 14, 6, 15, 7
6_5_02 3, 11, 15, 7, 4, 12
1_7_08 14
7_2_12 7, 15, 3, 11, 4, 12, 16
6_22_08 6, 14, 2, 10, 3, 11
7_13_08 8, 16, 4, 12, 5, 13, 1
3_18_04 15, 7, 11
1_29_20 14
5_10_02 4, 12, 16, 8, 1
5_25_00 3, 11, 15, 7, 4
6_30_14 11, 3, 7, 15, 4, 12
2_27_00 3, 11
3_27_18 12, 4, 16
8_24_04 4, 12, 16, 8, 5, 13, 1, 9
5_1_16 9, 1, 5, 13, 10
2_14_06 3, 11
6_11_04 5, 13, 1, 9, 6, 14
2_25_04 5, 13
3_3_16 9, 1, 13
6_1_00 1, 9, 13, 5, 2, 10
1_7_04 12
2_29_20 14, 6
4_4_14 8, 16, 4, 12
5_22_02 3, 11, 15, 7, 16
4_23_18 11, 3, 7, 15
7_27_10 8, 16, 4, 12, 1, 9, 13
5_5_20 12, 4, 8, 16, 13
1_25_16 11
3_12_10 4, 12, 8
6_1_20 11, 3, 7, 15, 12, 4
5_10_02 4, 12, 16, 8, 1
6_12_14 10, 2, 6, 14, 7, 15
8_31_04 6, 14, 2, 10, 3, 11, 15, 7
5_10_00 3, 11, 15, 7, 16
6_7_18 11, 3, 7, 15, 12, 4
4_17_14 8, 16, 4, 12
4_4_22 12, 4, 8, 16
2_15_16 12, 4
7_5_10 7, 15, 3, 11, 8, 16, 4
2_17_16 9, 1
4_10_04 5, 13, 1, 9
5_14_06 7, 15, 3, 11, 16
7_10_04 5, 13, 1, 9, 2, 10, 14
7_20_10 6, 14, 2, 10, 11, 3, 7
6_6_08 6, 14, 2, 10, 3, 11
6_17_16 9, 1, 5, 13, 10, 2
8_29_10 9, 1, 5, 13, 6, 14, 2, 10
7_5_04 4, 12, 16, 8, 5, 13, 1
4_2_14 8, 16, 4, 12
6_2_08 5, 13, 1, 9, 2, 10
8_27_00 3, 11, 15, 7, 4, 12, 16, 8
8_6_18 11, 3, 7, 15, 12, 4, 8, 16
8_10_06 6, 14, 2, 10, 7, 15, 3, 11
8_6_08 6, 14, 2, 10, 7, 15, 3, 11
5_24_08 6, 14, 2, 10, 11
4_9_10 8, 16, 4, 12
6_14_00 4, 12, 16, 8, 13, 5
3_31_08 8, 16, 12
2_14_20 10, 2
6_11_00 3, 11, 15, 7, 4, 12
8_29_02 5, 13, 1, 9, 2, 10, 14, 6
6_8_06 5, 13, 1, 9, 2, 10
6_16_16 12, 4, 8, 16, 5, 13
7_14_10 9, 1, 5, 13, 2, 10, 14
1_10_20 9
6_3_18 10, 2, 6, 14, 11, 3
2_10_14 6, 14
8_21_20 12, 4, 8, 16, 13, 5, 9, 1
7_9_12 9, 1, 5, 13, 10, 2, 6
6_4_22 12, 4, 8, 16, 9, 1
6_14_10 9, 1, 5, 13, 2, 10
4_20_16 9, 1, 5, 13
3_2_22 8, 16, 4
4_7_02 3, 11, 15, 7
3_19_06 4, 12, 8
5_28_22 14, 6, 10, 2, 3
5_11_08 7, 15, 3, 11, 16
7_28_00 3, 11, 15, 7, 8, 16, 4
4_26_06 6, 14, 2, 10
7_14_04 6, 14, 2, 10, 15, 7, 11
6_26_16 11, 3, 7, 15, 8, 16
2_4_14 4, 12
3_16_04 2, 10, 6
6_1_22 12, 4, 8, 16, 13, 5
1_10_08 3
3_10_20 9, 1, 5
5_24_00 2, 10, 14, 6, 7
4_20_00 1, 9, 13, 5
2_15_08 8, 16
7_11_22 14, 6, 10, 2, 7, 15, 3
2_4_10 2, 10
1_28_14 14
3_7_16 10, 2, 14
3_24_22 9, 1, 13
4_11_08 7, 15, 3, 11
1_24_08 10
3_25_04 5, 13, 1
5_13_06 7, 15, 3, 11, 4
7_3_10 6, 14, 2, 10, 15, 7, 11
4_26_04 5, 13, 1, 9
6_14_22 15, 7, 11, 3, 8, 16
1_21_20 12
6_17_18 10, 2, 6, 14, 11, 3
7_14_20 14, 6, 10, 2, 7, 15, 3
2_9_20 13, 5
1_31_10 1
4_26_08 7, 15, 3, 11
3_23_02 3, 11, 7
4_20_12 7, 15, 3, 11
7_14_18 13, 5, 9, 1, 6, 14, 2
4_18_02 2, 10, 14, 6
3_23_12 8, 16, 12
1_17_14 8
2_24_22 9, 1
5_17_16 9, 1, 5, 13, 10
4_23_12 8, 16, 4, 12
7_29_14 11, 3, 7, 15, 8, 16, 4
8_20_12 7, 15, 3, 11, 8, 16, 4, 12
6_25_16 11, 3, 7, 15, 12, 4
6_7_10 7, 15, 3, 11, 8, 16
2_10_16 7, 15
8_26_20 13, 5, 9, 1, 14, 6, 10, 2
8_10_22 14, 6, 10, 2, 15, 7, 11, 3
1_10_18 8
8_9_08 7, 15, 3, 11, 8, 16, 4, 12
1_30_04 2
2_11_10 8, 16
4_27_04 5, 13, 1, 9
8_14_00 4, 12, 16, 8, 1, 9, 13, 5
6_16_14 11, 3, 7, 15, 4, 12
5_18_22 12, 4, 8, 16, 9
8_26_22 14, 6, 10, 2, 15, 7, 11, 3
4_21_08 6, 14, 2, 10
2_20_02 14, 6
7_15_20 14, 6, 10, 2, 3, 11, 15
4_30_06 7, 15, 3, 11
7_20_18 10, 2, 6, 14, 15, 7, 11
7_14_22 15, 7, 11, 3, 8, 16, 4
2_30_18 9, 1
6_19_12 7, 15, 3, 11, 8, 16
2_18_18 6, 14
3_21_22 13, 5, 9
1_7_10 15
8_15_00 4, 12, 16, 8, 1, 9, 13, 5
8_28_00 3, 11, 15, 7, 4, 12, 16, 8
4_24_16 10, 2, 6, 14
6_6_12 8, 16, 4, 12, 5, 13
5_19_04 3, 11, 15, 7, 12
5_5_08 6, 14, 2, 10, 7
6_19_22 12, 4, 8, 16, 13, 5
1_14_04 2
3_6_08 2, 10, 14
3_24_18 7, 15, 11
4_12_16 11, 3, 7, 15
8_15_08 8, 16, 4, 12, 5, 13, 1, 9
7_31_02 5, 13, 1, 9, 10, 2, 6
8_5_12 8, 16, 4, 12, 9, 1, 5, 13
3_9_06 6, 14, 2
8_23_02 3, 11, 15, 7, 4, 12, 16, 8
8_10_10 8, 16, 4, 12, 9, 1, 5, 13
6_18_18 10, 2, 6, 14, 7, 15
2_29_08 8, 16
2_6_08 2, 10
2_15_22 15, 7
6_6_04 4, 12, 16, 8, 1, 9
4_25_20 13, 5, 9, 1
4_2_00 1, 9, 13, 5
2_26_04 1, 9
8_1_22 12, 4, 8, 16, 13, 5, 9, 1
3_31_14 11, 3, 15
1_14_08 4
8_14_22 15, 7, 11, 3, 12, 4, 8, 16
3_29_10 9, 1, 5
3_28_08 3, 11, 7
4_19_06 4, 12, 16, 8
5_11_00 3, 11, 15, 7, 12
5_25_02 4, 12, 16, 8, 5
8_18_14 8, 16, 4, 12, 9, 1, 5, 13
2_25_16 11, 3
5_12_16 11, 3, 7, 15, 16
5_2_18 10, 2, 6, 14, 7
3_4_00 13, 5, 1
5_20_22 12, 4, 8, 16, 1
6_13_02 5, 13, 1, 9, 2, 10
5_21_12 8, 16, 4, 12, 9
1_28_10 12
2_31_20 14, 6
2_9_04 5, 13
6_9_20 13, 5, 9, 1, 14, 6
1_12_22 2
1_21_16 10
2_11_02 4, 12
2_7_22 13, 5
4_10_06 6, 14, 2, 10
8_7_16 10, 2, 6, 14, 11, 3, 7, 15
3_4_02 14, 6, 2
2_29_08 8, 16
6_13_08 8, 16, 4, 12, 5, 13
7_27_06 6, 14, 2, 10, 15, 7, 11
8_13_14 11, 3, 7, 15, 8, 16, 4, 12
6_13_10 9, 1, 5, 13, 6, 14
8_27_02 4, 12, 16, 8, 5, 13, 1, 9
6_5_22 13, 5, 9, 1, 14, 6
4_10_06 6, 14, 2, 10
2_22_22 9, 1
1_4_12 11
5_29_06 7, 15, 3, 11, 4
2_1_04 3, 11
7_19_12 7, 15, 3, 11, 16, 8, 12
6_1_02 2, 10, 14, 6, 3, 11
7_20_14 8, 16, 4, 12, 13, 5, 9
6_1_04 3, 11, 15, 7, 4, 12
4_26_08 7, 15, 3, 11
3_20_12 3, 11, 7
4_18_20 11, 3, 7, 15
3_29_20 14, 6, 10
5_31_22 15, 7, 11, 3, 4
3_14_08 4, 12, 16
8_10_04 5, 13, 1, 9, 6, 14, 2, 10
6_9_16 11, 3, 7, 15, 12, 4
3_16_14 7, 15, 11
7_21_06 5, 13, 1, 9, 6, 14, 2
2_23_08 6, 14
4_4_10 6, 14, 2, 10
8_9_12 9, 1, 5, 13, 10, 2, 6, 14
6_1_14 8, 16, 4, 12, 9, 1
5_24_16 10, 2, 6, 14, 15
4_6_02 3, 11, 15, 7
8_31_22 15, 7, 11, 3, 12, 4, 8, 16
2_12_00 15, 7
5_23_06 5, 13, 1, 9, 14
4_18_08 5, 13, 1, 9
4_22_22 13, 5, 9, 1
1_5_10 7
1_26_12 5
4_15_02 5, 13, 1, 9
4_6_20 12, 4, 8, 16
1_13_04 6
6_13_00 4, 12, 16, 8, 1, 9
5_24_14 9, 1, 5, 13, 14
7_6_20 12, 4, 8, 16, 9, 1, 5
3_16_22 11, 3, 15
8_7_06 5, 13, 1, 9, 6, 14, 2, 10
3_2_04 15, 7, 11
5_23_10 7, 15, 3, 11, 16
4_26_10 8, 16, 4, 12
5_30_14 11, 3, 7, 15, 4
7_6_02 3, 11, 15, 7, 16, 8, 12
1_4_06 8
2_12_08 3, 11
8_29_10 9, 1, 5, 13, 6, 14, 2, 10
2_30_14 7, 15
7_8_00 2, 10, 14, 6, 7, 15, 3
2_31_04 6, 14
7_4_12 7, 15, 3, 11, 12, 4, 8
8_3_10 6, 14, 2, 10, 7, 15, 3, 11
4_9_14 10, 2, 6, 14
5_7_20 12, 4, 8, 16, 5
8_8_22 13, 5, 9, 1, 14, 6, 10, 2
1_9_04 5
3_1_14 8, 16, 4
3_7_06 5, 13, 9
5_18_20 11, 3, 7, 15, 8
5_29_04 6, 14, 2, 10, 3
5_20_00 1, 9, 13, 5, 6
1_16_06 11
5_30_02 5, 13, 1, 9, 14
3_13_12 10, 2, 6
6_16_08 8, 16, 4, 12, 1, 9
1_31_18 5
1_30_10 5
4_20_14 8, 16, 4, 12
5_1_14 8, 16, 4, 12, 9
2_4_10 2, 10
4_17_14 8, 16, 4, 12
5_26_08 7, 15, 3, 11, 4
5_5_04 4, 12, 16, 8, 5
3_9_06 6, 14, 2
5_7_08 6, 14, 2, 10, 15
2_17_22 12, 4
7_8_00 2, 10, 14, 6, 7, 15, 3
2_29_02 5, 13
1_29_22 15
5_27_06 6, 14, 2, 10, 15
8_7_18 11, 3, 7, 15, 12, 4, 8, 16
2_5_20 12, 4
3_27_04 5, 13, 9
6_26_08 7, 15, 3, 11, 4, 12
7_20_16 9, 1, 5, 13, 14, 6, 10
4_3_20 11, 3, 7, 15
7_19_14 8, 16, 4, 12, 1, 9, 13
1_23_00 10
5_27_18 12, 4, 8, 16, 5
4_16_06 7, 15, 3, 11
8_3_14 8, 16, 4, 12, 9, 1, 5, 13
2_11_18 12, 4
1_18_22 8
7_30_10 9, 1, 5, 13, 2, 10, 14
3_9_00 3, 11, 15
8_27_00 3, 11, 15, 7, 4, 12, 16, 8
2_21_06 5, 13
7_27_14 10, 2, 6, 14, 3, 11, 15
2_3_20 11, 3
3_29_08 8, 16, 4
3_23_20 12, 4, 16
5_16_00 4, 12, 16, 8, 5
3_9_16 11, 3, 7
7_25_18 12, 4, 8, 16, 13, 5, 9
3_13_00 4,12, 16
6_17_22 12, 4, 8, 16, 13, 5
3_2_14 4, 12, 16
1_7_08 14
4_17_14 8, 16, 4, 12
3_19_12 7, 15, 11
5_11_08 7, 15, 3, 11, 16
2_7_12 8, 16
7_10_18 12, 4, 8, 16, 9, 1, 5
3_14_04 2, 10, 14
8_22_20 12, 4, 8, 16, 13, 5, 9, 1
5_22_08 6, 14, 2, 10, 3
5_27_18 12, 4, 8, 16, 5
5_20_12 7, 15, 3, 11, 12
1_13_16 12
7_6_14 9, 1, 5, 13, 6, 14, 2
3_16_04 2, 10, 6
6_11_04 5, 13, 1, 9, 6, 14
6_24_12 8, 16, 4, 12, 5, 13
3_20_16 5, 13, 9
4_19_02 2, 10, 14, 6
5_1_20 11, 3, 7, 15, 12
6_1_22 12, 4, 8, 16, 13, 5
1_28_20 1
3_26_06 2, 10, 14
1_31_08 16
8_15_06 7, 15, 3, 11, 4, 12, 16, 8
6_7_14 9, 1, 5, 13, 10, 2
1_11_14 2
2_2_22 8, 16
4_24_14 9, 1, 5, 13
6_5_08 6, 14, 2, 10, 7, 15
5_25_08 7, 15, 3, 11, 8
6_23_14 9, 1, 5, 13, 10, 2
7_19_00 1, 9, 13, 5, 10, 2, 6
2_29_14 11, 3
1_6_10 3
8_4_00 1, 9, 13, 5, 2, 10, 14, 6
8_23_00 2, 10, 14, 6, 3, 11, 15, 7
8_3_12 7, 15, 3, 11, 8, 16, 4, 12
8_14_02 5, 13, 1, 9, 2, 10, 14, 6
5_30_04 6, 14, 2, 10, 15
5_12_18 12, 4, 8, 16, 1
2_22_12 4, 12
5_31_10 9, 1, 5, 13, 14
3_5_08 6, 14, 2
6_11_06 6, 14, 2, 10, 7, 15
5_27_20 13, 5, 9, 1, 6
5_18_06 4, 12, 16, 8, 1
1_9_00 3
3_20_02 14, 6, 2
4_2_06 4, 12, 16, 8
7_30_12 10, 2, 6, 14, 3, 11, 15
6_17_02 2, 10, 14, 6, 3, 11
3_12_18 8, 16, 12
2_5_02 3, 11
6_23_16 10, 2, 6, 14, 11, 3
4_1_22 12, 4, 8, 16
2_21_10 7, 15
8_3_12 7, 15, 3, 11, 8, 16, 4, 12
7_25_16 11, 3, 7, 15, 12, 4, 8
5_25_04 5, 13, 1, 9, 6
5_16_04 6, 14, 2, 10, 7
7_4_14 8, 16, 4, 12, 13, 5, 9
6_7_08 6, 14, 2, 10, 7, 15
1_8_10 11
4_2_20 11, 3, 7, 15
5_12_18 12, 4, 8, 16, 1
2_26_14 6, 14
6_4_14 8, 16, 4, 12, 5, 13
4_16_12 10, 2, 6, 14
1_6_00 14
1_1_00 1
6_27_16 11, 3, 7, 15, 12, 4
4_13_10 9, 1, 5, 13
2_4_04 15, 7
4_6_12 8, 16, 4, 12
1_15_12 2
6_11_22 14, 6, 10, 2, 15, 7
1_28_00 7
8_8_08 6, 14, 2, 10, 7, 15, 3, 11
5_14_00 4, 12, 16, 8, 13
5_3_08 5, 13, 1, 9, 14
3_26_16 7, 15, 3
5_14_04 6, 14, 2, 10, 15
8_27_10 8, 16, 4, 12, 9, 1, 5, 13
6_30_16 12, 4, 8, 16, 5, 13
2_27_04 5, 13
3_16_10 5, 13, 9
8_6_08 6, 14, 2, 10, 7, 15, 3, 11
8_19_10 6, 14, 2, 10, 7, 15, 3, 11
7_9_14 10, 2, 6, 14, 11, 3, 7
8_13_04 6, 14, 2, 10, 3, 11, 15, 7
7_5_10 7, 15, 3, 11, 8, 16, 4
3_27_14 10, 2, 14
4_27_08 7, 15, 3, 11
8_4_06 4, 12, 16, 8, 5, 13, 1, 9
6_14_20 14, 6, 10, 2, 7, 15
5_21_22 13, 5, 9, 1, 14
7_4_16 9, 1, 5, 13, 14, 6, 10
4_23_00 2, 10, 14, 6
2_18_22 8, 16
5_20_22 12, 4, 8, 16, 1
7_1_00 1, 9, 13, 5, 2, 10, 14
7_8_10 7, 15, 3, 11, 12, 4, 8
5_7_08 6, 14, 2, 10, 15
5_11_04 5, 13, 1, 9, 14
5_14_02 5, 13, 1, 9, 14
2_6_16 6, 14
5_9_14 10, 2, 6, 14, 11
1_5_10 7
1_29_12 10
7_17_04 3, 11, 15, 7, 4, 12, 16
2_7_08 6, 14
8_11_22 14, 6, 10, 2, 15, 7, 11, 3
1_17_06 4
2_10_02 16, 8
5_20_02 2, 10, 14, 6, 7
3_19_22 12, 4, 16
3_6_22 9, 1, 5
8_24_02 3, 11, 15, 7, 4, 12, 16, 8
1_14_06 3
3_28_14 6, 14, 10
1_17_02 2
7_18_12 7, 15, 3, 11, 4, 12, 16
2_13_00 4,12
8_22_12 8, 16, 4, 12, 9, 1, 5, 13
4_4_10 6, 14, 2, 10
3_25_22 14, 6, 10
4_15_14 11, 3, 7, 15
8_22_00 2, 10, 14, 6, 3, 11, 15, 7
6_18_04 3, 11, 15, 7, 16, 8
8_31_06 7, 15, 3, 11, 4, 12, 16, 8
7_16_06 7, 15, 3, 11, 8, 16, 4
5_27_16 11, 3, 7, 15, 4
1_12_14 14
2_4_10 2, 10
5_31_16 12, 4, 8, 16, 1
2_11_12 9, 1
1_2_20 7
2_31_12 10, 2
6_15_08 8, 16, 4, 12, 5, 13
2_22_16 6, 14
3_18_02 14, 6, 10
3_28_12 5, 13, 9
2_8_04 16, 8
2_28_06 2, 10
1_27_22 6
6_5_10 7, 15, 3, 11, 8, 16
5_6_02 3, 11, 15, 7, 16
3_14_10 5, 13, 1
4_2_02 2, 10, 14, 6
5_29_14 11, 3, 7, 15, 8
2_10_10 4, 12
4_26_12 9, 1, 5, 13
6_2_18 10, 2, 6, 14, 7, 15
8_20_10 6, 14, 2, 10, 7, 15, 3, 11
6_8_04 4, 12, 16, 8, 1, 9
2_25_12 9, 1
2_26_08 3, 11
2_11_20 13, 5
4_29_00 4,12, 16, 8
6_23_06 5, 13, 1, 9, 6, 14
6_19_06 4, 12, 16, 8, 5, 13
5_19_04 3, 11, 15, 7, 12
4_12_06 6, 14, 2, 10
7_30_18 13, 5, 9, 1, 6, 14, 2
5_22_14 9, 1, 5, 13, 6
6_20_16 9, 1, 5, 13, 6, 14
7_26_02 4, 12, 16, 8, 1, 9, 13
7_18_06 4, 12, 16, 8, 1, 9, 13
6_9_12 9, 1, 5, 13, 10, 2
8_28_22 14, 6, 10, 2, 15, 7, 11, 3
2_18_18 6, 14
1_15_22 7
4_14_08 8, 16, 4, 12
5_2_16 9, 1, 5, 13, 6
2_10_16 7, 15
4_18_02 2, 10, 14, 6
6_8_12 8, 16, 4, 12, 5, 13
7_22_08 6, 14, 2, 10, 3, 11, 15
5_4_20 11, 3, 7, 15, 16
8_18_20 11, 3, 7, 15, 12, 4, 8, 16
2_16_10 5, 13
3_18_14 4, 12, 16
6_22_22 13, 5, 9, 1, 10, 2
5_13_02 5, 13, 1, 9, 2
1_12_12 13
2_10_14 6, 14
8_10_02 4, 12, 16, 8, 5, 13, 1, 9
5_25_18 12, 4, 8, 16, 13
3_2_00 13, 5, 9
6_21_02 3, 11, 15, 7, 4, 12
4_11_10 8, 16, 4, 12
7_1_14 8, 16, 4, 12, 9, 1, 5
5_29_14 11, 3, 7, 15, 8
8_16_02 5, 13, 1, 9, 2, 10, 14, 6
6_3_12 7, 15, 3, 11, 8, 16
8_31_02 5, 13, 1, 9, 2, 10, 14, 6
7_24_08 6, 14, 2, 10, 11, 3, 7
4_25_22 14, 6, 10, 2
4_18_20 11, 3, 7, 15
7_21_00 2, 10, 14, 6, 3, 11, 15
1_27_06 14
1_18_16 5
1_19_10 14
3_22_20 8, 16, 4
8_4_08 5, 13, 1, 9, 6, 14, 2, 10
1_21_16 10
3_13_10 9, 1, 5
3_12_16 7, 15, 11
2_26_06 2, 10
2_14_18 9, 1
5_28_12 9, 1, 5, 13, 14
7_8_12 8, 16, 4, 12, 13, 5, 9
1_23_00 10
8_30_14 11, 3, 7, 15, 8, 16, 4, 12
8_22_02 3, 11, 15, 7, 4, 12, 16, 8
6_15_00 4, 12, 16, 8, 1, 9
2_19_10 6, 14
5_22_18 11, 3, 7, 15, 8
1_4_08 9
4_14_00 4,12, 16, 8
6_8_04 4, 12, 16, 8, 1, 9
5_8_22 13, 5, 9, 1, 2
2_26_10 4, 12
4_15_00 4,12, 16, 8
1_12_02 8
5_11_22 14, 6, 10, 2, 7
3_7_04 4, 12, 8
6_6_16 10, 2, 6, 14, 7, 15
4_30_04 6, 14, 2, 10
5_31_04 6, 14, 2, 10, 11
2_21_22 13, 5
4_21_22 13, 5, 9, 1
6_16_10 9, 1, 5, 13, 2, 10
7_4_10 6, 14, 2, 10, 11, 3, 7
6_23_22 13, 5, 9, 1, 14, 6
5_17_06 4, 12, 16, 8, 5
6_1_18 10, 2, 6, 14, 11, 3
8_2_16 9, 1, 5, 13, 10, 2, 6, 14
5_1_10 6, 14, 2, 10, 7
6_14_04 6, 14, 2, 10, 15, 7
1_15_20 6
3_6_04 16, 8, 12
4_17_16 9, 1, 5, 13
5_26_12 9, 1, 5, 13, 6
2_10_00 15, 7
4_13_06 7, 15, 3, 11
6_1_04 3, 11, 15, 7, 4, 12
5_26_02 4, 12, 16, 8, 1
2_29_10 9, 1
7_8_00 2, 10, 14, 6, 7, 15, 3
3_27_16 11, 3, 15
6_17_22 12, 4, 8, 16, 13, 5
3_19_12 7, 15, 11
5_23_12 8, 16, 4, 12, 1
6_25_20 13, 5, 9, 1, 14, 6
7_17_04 3, 11, 15, 7, 4, 12, 16
4_13_00 4,12, 16, 8
4_19_20 11, 3, 7, 15
5_4_16 9, 1, 5, 13, 14
5_26_16 11, 3, 7, 15, 8
2_8_12 4, 12
2_3_14 8, 16
1_16_04 10
4_16_14 11, 3, 7, 15
4_30_06 7, 15, 3, 11
6_3_16 9, 1, 5, 13, 10, 2
8_5_12 8, 16, 4, 12, 9, 1, 5, 13
6_28_02 4, 12, 16, 8, 1, 9
6_14_16 12, 4, 8, 16, 5, 13
2_30_06 3, 11
3_30_20 10, 2, 6
5_20_08 5, 13, 1, 9, 10
4_1_02 2, 10, 14, 6
3_23_04 4, 12, 8
7_15_18 13, 5, 9, 1, 2, 10, 14
5_20_00 1, 9, 13, 5, 6
8_29_22 15, 7, 11, 3, 12, 4, 8, 16
5_18_22 12, 4, 8, 16, 9
8_24_12 8, 16, 4, 12, 9, 1, 5, 13
2_8_14 5, 13
4_27_16 11, 3, 7, 15
1_8_22 1
7_11_08 7, 15, 3, 11, 16, 8, 12
5_3_04 3, 11, 15, 7, 12
6_5_04 4, 12, 16, 8, 5, 13
4_29_08 8, 16, 4, 12
5_30_14 11, 3, 7, 15, 4
4_11_20 13, 5, 9, 1
4_10_20 13, 5, 9, 1
4_26_06 6, 14, 2, 10
8_8_20 12, 4, 8, 16, 13, 5, 9, 1
4_14_06 7, 15, 3, 11
1_13_00 4
3_10_00 15, 7, 11
5_2_12 7, 15, 3, 11, 4
7_12_16 11, 3, 7, 15, 16, 8, 12
5_21_22 13, 5, 9, 1, 14
2_27_12 9, 1
3_19_06 4, 12, 8
8_3_10 6, 14, 2, 10, 7, 15, 3, 11
1_6_00 14
7_19_00 1, 9, 13, 5, 10, 2, 6
7_23_02 3, 11, 15, 7, 12, 4, 8
4_2_02 2, 10, 14, 6
2_19_06 4, 12
6_6_22 13, 5, 9, 1, 10, 2
1_1_04 3
7_26_14 10, 2, 6, 14, 7, 15, 3
5_11_10 8, 16, 4, 12, 1
6_31_08 8, 16, 4, 12, 5, 13
8_22_14 9, 1, 5, 13, 10, 2, 6, 14
1_12_02 8
1_17_02 2
3_26_14 6, 14, 2
1_26_14 6
7_15_00 4, 12, 16, 8, 9, 1, 5
3_25_12 9, 1, 5
5_20_02 2, 10, 14, 6, 7
8_7_20 12, 4, 8, 16, 13, 5, 9, 1
5_22_02 3, 11, 15, 7, 16
1_13_04 6
7_22_18 11, 3, 7, 15, 8, 16, 4
4_8_08 6, 14, 2, 10
8_30_22 15, 7, 11, 3, 12, 4, 8, 16
6_7_00 2, 10, 14, 6, 3, 11
5_25_12 9, 1, 5, 13, 10
2_4_20 7, 15
6_22_00 2, 10, 14, 6, 15, 7
2_4_00 13, 5
1_14_08 4
8_21_10 7, 15, 3, 11, 8, 16, 4, 12
3_15_06 7, 15, 11
6_12_16 11, 3, 7, 15, 8, 16
1_7_18 3
6_9_04 5, 13, 1, 9, 6, 14
2_2_18 6, 14
7_24_04 4, 12, 16, 8, 9, 1, 5
1_22_16 6
7_13_18 13, 5, 9, 1, 10, 2, 6
4_2_04 3, 11, 15, 7
1_12_12 13
5_31_20 14, 6, 10, 2, 3
7_13_00 4, 12, 16, 8, 1, 9, 13
2_18_20 7, 15
4_28_00 3, 11, 15, 7
2_23_06 5, 13
2_10_00 15, 7
5_2_20 11, 3, 7, 15, 8
1_16_16 16
1_25_04 5
5_2_02 2, 10, 14, 6, 15
5_28_22 14, 6, 10, 2, 3
5_28_00 3, 11, 15, 7, 8
1_10_08 3
6_15_08 8, 16, 4, 12, 5, 13
3_30_00 16, 8, 12
7_14_00 4, 12, 16, 8, 13, 5, 9
1_16_06 11
3_28_02 16, 8, 4
1_28_00 7
8_5_02 3, 11, 15, 7, 4, 12, 16, 8
4_1_04 3, 11, 15, 7
2_1_06 4, 12
7_28_10 8, 16, 4, 12, 13, 5, 9
3_10_16 7, 15, 3
3_8_00 14, 6, 2
8_19_22 12, 4, 8, 16, 13, 5, 9, 1
2_8_22 9, 1
4_16_10 9, 1, 5, 13
2_5_00 2, 10
7_28_14 10, 2, 6, 14, 15, 7, 11
3_22_20 8, 16, 4
1_29_20 14
2_30_02 1, 9
8_15_02 5, 13, 1, 9, 2, 10, 14, 6
2_22_00 14, 6
2_4_14 4, 12
7_20_16 9, 1, 5, 13, 14, 6, 10
1_7_18 3
4_18_08 5, 13, 1, 9
6_19_00 1, 9, 13, 5, 2, 10
1_26_00 15
3_29_08 8, 16, 4
2_24_06 1, 9
8_27_18 12, 4, 8, 16, 13, 5, 9, 1
8_21_16 10, 2, 6, 14, 11, 3, 7, 15
7_24_06 5, 13, 1, 9, 10, 2, 6
8_3_20 11, 3, 7, 15, 12, 4, 8, 16
2_17_12 7, 15
2_3_18 10, 2
5_2_18 10, 2, 6, 14, 7
3_14_16 8, 16, 4
6_19_18 10, 2, 6, 14, 11, 3
3_9_08 7, 15, 3
1_20_12 11
2_28_20 9, 1
2_5_02 3, 11
5_31_04 6, 14, 2, 10, 11
8_2_10 6, 14, 2, 10, 7, 15, 3, 11
1_14_22 11
4_31_00 4,12, 16, 8
3_9_02 4, 12, 16
1_19_06 12
4_31_00 4,12, 16, 8
3_6_16 6, 14, 2
7_26_12 9, 1, 5, 13, 6, 14, 2
8_15_14 11, 3, 7, 15, 8, 16, 4, 12
1_5_14 9
3_8_10 3, 11, 7
3_7_04 4, 12, 8
6_2_12 7, 15, 3, 11, 4, 12
6_8_20 12, 4, 8, 16, 9, 1
1_2_08 1
2_26_14 6, 14
5_17_20 11, 3, 7, 15, 12
2_5_14 9, 1
6_8_06 5, 13, 1, 9, 2, 10
4_12_12 9, 1, 5, 13
8_3_02 2, 10, 14, 6, 3, 11, 15, 7
4_22_16 10, 2, 6, 14
6_30_06 7, 15, 3, 11, 16, 8
6_8_04 4, 12, 16, 8, 1, 9
5_19_00 1, 9, 13, 5, 10
2_23_00 2, 10
3_17_18 10, 2, 6
5_1_12 7, 15, 3, 11, 8
3_14_06 3, 11, 15
5_11_06 6, 14, 2, 10, 15
7_17_18 10, 2, 6, 14, 11, 3, 7
3_12_16 7, 15, 11
5_3_08 5, 13, 1, 9, 14
3_5_06 5, 13, 1
7_25_12 9, 1, 5, 13, 10, 2, 6
3_24_20 8, 16, 12
2_10_06 2, 10
7_8_10 7, 15, 3, 11, 12, 4, 8
6_2_18 10, 2, 6, 14, 7, 15
7_22_10 7, 15, 3, 11, 4, 12, 16
2_16_04 2, 10
6_5_08 6, 14, 2, 10, 7, 15
6_27_22 14, 6, 10, 2, 15, 7
2_19_18 10, 2
7_27_04 5, 13, 1, 9, 14, 6, 10
2_29_14 11, 3
6_25_04 5, 13, 1, 9, 6, 14
7_21_16 10, 2, 6, 14, 11, 3, 7
2_15_12 10, 2
2_18_00 13, 5
2_1_14 8, 16
8_4_08 5, 13, 1, 9, 6, 14, 2, 10
3_9_22 14, 6, 10
2_8_00 14, 6
1_8_12 12
6_22_14 9, 1, 5, 13, 6, 14
3_8_22 9, 1, 13
4_24_14 9, 1, 5, 13
8_25_22 14, 6, 10, 2, 15, 7, 11, 3
8_14_12 10, 2, 6, 14, 7, 15, 3, 11
1_30_10 5
7_30_06 7, 15, 3, 11, 16, 8, 12
4_7_16 10, 2, 6, 14
1_16_04 10
3_14_04 2, 10, 14
2_28_12 5, 13
2_2_10 2, 10
4_31_16 12, 4, 8, 16
7_18_22 12, 4, 8, 16, 9, 1, 5
2_8_06 1, 9
2_17_10 6, 14
6_10_04 5, 13, 1, 9, 2, 10
4_17_18 10, 2, 6, 14
6_3_00 1, 9, 13, 5, 2, 10
3_4_08 1, 9, 5
1_12_18 16
1_14_08 4
7_21_08 6, 14, 2, 10, 7, 15, 3
1_8_08 10
3_9_04 5, 13, 1
2_14_00 16, 8
8_30_02 5, 13, 1, 9, 2, 10, 14, 6
8_2_08 5, 13, 1, 9, 6, 14, 2, 10
6_2_16 9, 1, 5, 13, 6, 14
1_15_02 13
2_26_10 4, 12
3_13_20 14, 6, 10
3_26_20 9, 1, 5
4_25_12 9, 1, 5, 13
6_26_04 5, 13, 1, 9, 2, 10
6_8_02 3, 11, 15, 7, 16, 8
7_8_16 10, 2, 6, 14, 15, 7, 11
8_19_14 8, 16, 4, 12, 9, 1, 5, 13
7_14_20 14, 6, 10, 2, 7, 15, 3
1_27_04 13
5_6_06 5, 13, 1, 9, 2
5_18_06 4, 12, 16, 8, 1
6_27_04 5, 13, 1, 9, 6, 14
3_3_06 4, 12, 8
6_12_00 3, 11, 15, 7, 16, 8
4_26_14 10, 2, 6, 14
3_19_12 7, 15, 11
2_11_14 10, 2
8_6_14 9, 1, 5, 13, 10, 2, 6, 14
2_20_02 14, 6
8_19_02 2, 10, 14, 6, 3, 11, 15, 7
5_7_20 12, 4, 8, 16, 5
5_5_04 4, 12, 16, 8, 5
8_19_14 8, 16, 4, 12, 9, 1, 5, 13
1_25_02 4
6_21_02 3, 11, 15, 7, 4, 12
8_23_20 12, 4, 8, 16, 13, 5, 9, 1
1_19_12 15
2_9_04 5, 13
3_28_12 5, 13, 9
8_28_04 5, 13, 1, 9, 6, 14, 2, 10
8_29_12 10, 2, 6, 14, 7, 15, 3, 11
7_28_20 13, 5, 9, 1, 2, 10, 14
4_21_12 8, 16, 4, 12
4_29_22 15, 7, 11, 3
2_20_06 16, 8
3_15_14 11, 3, 15
7_25_18 12, 4, 8, 16, 13, 5, 9
5_18_06 4, 12, 16, 8, 1
4_26_04 5, 13, 1, 9
5_28_22 14, 6, 10, 2, 3
1_9_14 10
6_30_18 13, 5, 9, 1, 6, 14
8_30_20 14, 6, 10, 2, 11, 3, 7, 15
2_25_20 13, 5
2_12_12 5, 13
1_30_18 9
2_28_02 16, 8
8_13_04 6, 14, 2, 10, 3, 11, 15, 7
5_17_08 5, 13, 1, 9, 6
4_11_02 4, 12, 16, 8
6_9_04 5, 13, 1, 9, 6, 14
8_22_08 6, 14, 2, 10, 7, 15, 3, 11
1_31_14 3
6_3_00 1, 9, 13, 5, 2, 10
6_15_02 5, 13, 1, 9, 2, 10
8_14_02 5, 13, 1, 9, 2, 10, 14, 6
3_14_12 6, 14, 2
1_20_16 13
8_25_20 13, 5, 9, 1, 14, 6, 10, 2
8_1_12 7, 15, 3, 11, 8, 16, 4, 12
4_30_14 11, 3, 7, 15
6_8_22 13, 5, 9, 1, 10, 2
8_30_20 14, 6, 10, 2, 11, 3, 7, 15
1_6_14 5
4_22_10 7, 15, 3, 11
3_14_12 6, 14, 2
3_1_12 7, 15, 3
8_16_06 7, 15, 3, 11, 4, 12, 16, 8
1_9_22 14
5_23_06 5, 13, 1, 9, 14
1_7_22 5
8_3_18 10, 2, 6, 14, 11, 3, 7, 15
6_4_10 6, 14, 2, 10, 3, 11
1_15_06 15
5_19_00 1, 9, 13, 5, 10
7_20_06 4, 12, 16, 8, 9, 1, 5
5_31_18 13, 5, 9, 1, 2
8_24_06 5, 13, 1, 9, 6, 14, 2, 10
2_10_08 3, 11
3_11_00 3, 11, 7
5_13_18 13, 5, 9, 1, 10
5_7_08 6, 14, 2, 10, 15
2_24_20 8, 16
6_6_14 9, 1, 5, 13, 6, 14
3_9_00 3, 11, 15
4_25_22 14, 6, 10, 2
1_28_16 15
1_11_16 3
3_6_18 7, 15, 3
8_27_12 9, 1, 5, 13, 10, 2, 6, 14
3_9_02 4, 12, 16
8_31_08 8, 16, 4, 12, 5, 13, 1, 9
2_2_04 15, 7
1_9_12 9
6_15_08 8, 16, 4, 12, 5, 13
2_31_18 13, 5
5_14_16 12, 4, 8, 16, 5
8_1_04 3, 11, 15, 7, 4, 12, 16, 8
5_15_08 8, 16, 4, 12, 13
5_6_20 12, 4, 8, 16, 9
6_6_12 8, 16, 4, 12, 5, 13
8_11_12 9, 1, 5, 13, 10, 2, 6, 14
1_4_22 16
8_2_18 10, 2, 6, 14, 11, 3, 7, 15
5_14_20 14, 6, 10, 2, 7
7_21_14 9, 1, 5, 13, 10, 2, 6
2_1_08 5, 13
3_17_06 4, 12, 16
1_28_04 9
6_7_08 6, 14, 2, 10, 7, 15
6_1_04 3, 11, 15, 7, 4, 12
3_28_12 5, 13, 9
4_21_12 8, 16, 4, 12
8_30_20 14, 6, 10, 2, 11, 3, 7, 15
3_9_16 11, 3, 7
6_4_00 1, 9, 13, 5, 14, 6
3_12_18 8, 16, 12
2_12_04 1, 9
2_12_18 8, 16
6_4_06 4, 12, 16, 8, 1, 9
4_2_02 2, 10, 14, 6
6_13_04 6, 14, 2, 10, 3, 11
4_22_00 2, 10, 14, 6
6_31_22 15, 7, 11, 3, 12, 4
7_21_08 6, 14, 2, 10, 7, 15, 3
6_5_16 10, 2, 6, 14, 11, 3
1_31_20 6
2_29_00 4,12
6_14_16 12, 4, 8, 16, 5, 13
4_28_18 12, 4, 8, 16
4_28_18 12, 4, 8, 16
1_2_14 4
4_13_06 7, 15, 3, 11
4_21_06 5, 13, 1, 9
2_23_18 11, 3
1_17_04 3
7_1_22 12, 4, 8, 16, 13, 5, 9
8_13_08 8, 16, 4, 12, 5, 13, 1, 9
2_1_18 10, 2
1_22_14 5
3_30_22 11, 3, 7
4_6_20 12, 4, 8, 16
3_7_00 2, 10, 6
5_6_22 13, 5, 9, 1, 10
1_24_04 8
4_25_14 10, 2, 6, 14
3_13_00 4,12, 16
3_20_16 5, 13, 9
1_16_22 3
3_19_00 1, 9, 5
1_30_02 1
8_31_18 13, 5, 9, 1, 10, 2, 6, 14
5_28_18 12, 4, 8, 16, 1
3_21_22 13, 5, 9
5_7_06 5, 13, 1, 9, 14
1_24_20 16
6_5_16 10, 2, 6, 14, 11, 3
8_1_02 2, 10, 14, 6, 3, 11, 15, 7
4_22_06 5, 13, 1, 9
5_27_22 14, 6, 10, 2, 7
4_27_12 9, 1, 5, 13
6_31_20 14, 6, 10, 2, 11, 3
7_19_04 3, 11, 15, 7, 12, 4, 8
6_15_14 11, 3, 7, 15, 8, 16
8_28_06 6, 14, 2, 10, 7, 15, 3, 11
6_21_20 12, 4, 8, 16, 13, 5
3_14_14 7, 15, 3
4_25_16 11, 3, 7, 15
7_30_18 13, 5, 9, 1, 6, 14, 2
6_25_10 8, 16, 4, 12, 9, 1
6_22_20 12, 4, 8, 16, 9, 1
4_15_18 13, 5, 9, 1
1_15_18 5
7_28_20 13, 5, 9, 1, 2, 10, 14
2_12_18 8, 16
2_8_12 4, 12
8_4_08 5, 13, 1, 9, 6, 14, 2, 10
6_15_12 10, 2, 6, 14, 7, 15
7_29_08 8, 16, 4, 12, 5, 13, 1
6_7_10 7, 15, 3, 11, 8, 16
7_7_12 8, 16, 4, 12, 1, 9, 13
8_8_10 7, 15, 3, 11, 8, 16, 4, 12
1_25_14 10
3_1_18 10, 2, 6
1_10_06 2
2_22_06 1, 9
2_15_00 4,12
4_3_18 10, 2, 6, 14
1_26_00 15
5_6_14 9, 1, 5, 13, 6
1_29_08 8
8_28_14 10, 2, 6, 14, 11, 3, 7, 15
6_24_08 6, 14, 2, 10, 3, 11
6_28_06 6, 14, 2, 10, 3, 11
2_5_00 2, 10
8_14_02 5, 13, 1, 9, 2, 10, 14, 6
5_7_02 3, 11, 15, 7, 12
1_12_16 15
1_12_12 13
3_7_14 9, 1, 13
7_12_04 5, 13, 1, 9, 10, 2, 6
8_30_14 11, 3, 7, 15, 8, 16, 4, 12
6_26_06 6, 14, 2, 10, 3, 11
8_1_10 6, 14, 2, 10, 7, 15, 3, 11
5_27_22 14, 6, 10, 2, 7
1_3_08 13
4_18_06 4, 12, 16, 8
7_2_12 7, 15, 3, 11, 4, 12, 16
5_4_06 4, 12, 16, 8, 9
5_19_00 1, 9, 13, 5, 10
1_13_08 8
7_18_00 1, 9, 13, 5, 14, 6, 10
8_21_20 12, 4, 8, 16, 13, 5, 9, 1
2_14_06 3, 11
4_6_12 8, 16, 4, 12
5_9_14 10, 2, 6, 14, 11
6_3_10 6, 14, 2, 10, 7, 15
1_23_08 14
1_14_00 16
7_3_08 5, 13, 1, 9, 14, 6, 10
8_13_08 8, 16, 4, 12, 5, 13, 1, 9
1_21_20 12
5_18_12 7, 15, 3, 11, 4
1_24_06 9
7_2_20 11, 3, 7, 15, 8, 16, 4
1_28_06 10
1_30_06 3
2_26_16 7, 15
7_26_16 11, 3, 7, 15, 8, 16, 4
8_7_08 6, 14, 2, 10, 7, 15, 3, 11
2_22_10 3, 11
1_13_12 10
4_2_02 2, 10, 14, 6
4_27_02 4, 12, 16, 8
8_15_02 5, 13, 1, 9, 2, 10, 14, 6
4_20_04 3, 11, 15, 7
8_11_16 11, 3, 7, 15, 12, 4, 8, 16
7_1_20 11, 3, 7, 15, 12, 4, 8
4_6_22 13, 5, 9, 1
6_13_20 14, 6, 10, 2, 11, 3
7_2_16 9, 1, 5, 13, 6, 14, 2
7_16_20 14, 6, 10, 2, 15, 7, 11
8_7_06 5, 13, 1, 9, 6, 14, 2, 10
2_14_02 1, 9
3_10_02 16, 8, 12
2_19_16 9, 1
7_12_10 8, 16, 4, 12, 13, 5, 9
3_26_22 10, 2, 6
6_13_16 12, 4, 8, 16, 9, 1
5_30_04 6, 14, 2, 10, 15
7_4_16 9, 1, 5, 13, 14, 6, 10
4_2_00 1, 9, 13, 5
8_7_20 12, 4, 8, 16, 13, 5, 9, 1
6_2_00 1, 9, 13, 5, 14, 6
2_10_00 15, 7
8_6_04 4, 12, 16, 8, 5, 13, 1, 9
8_29_02 5, 13, 1, 9, 2, 10, 14, 6
2_4_12 3, 11
4_14_20 14, 6, 10, 2
2_1_00 1, 9
4_7_22 13, 5, 9, 1
4_14_06 7, 15, 3, 11
8_25_18 12, 4, 8, 16, 13, 5, 9, 1
3_4_08 1, 9, 5
2_27_02 4, 12
8_10_20 13, 5, 9, 1, 14, 6, 10, 2
7_18_02 2, 10, 14, 6, 15, 7, 11
7_12_16 11, 3, 7, 15, 16, 8, 12
8_2_08 5, 13, 1, 9, 6, 14, 2, 10
6_16_16 12, 4, 8, 16, 5, 13