4_10_00 3, 11, 15, 7
8_6_02 3, 11, 15, 7, 4, 12, 16, 8
5_12_12 9, 1, 5, 13, 14
6_11_00 3, 11, 15, 7, 4, 12
6_3_14 8, 16, 4, 12, 9, 1
6_4_14 8, 16, 4, 12, 5, 13
4_11_10 8, 16, 4, 12
3_10_20 9, 1, 5
2_16_00 16, 8
2_19_08 5, 13
3_4_10 2, 10, 6
2_22_16 6, 14
5_6_10 7, 15, 3, 11, 4
1_22_04 16
4_18_06 4, 12, 16, 8
6_31_16 12, 4, 8, 16, 9, 1
3_7_18 11, 3, 15
2_21_02 3, 11
5_27_02 4, 12, 16, 8, 13
1_16_14 15
6_3_22 12, 4, 8, 16, 13, 5
2_5_20 12, 4
7_17_04 3, 11, 15, 7, 4, 12, 16
2_13_08 8, 16
1_24_22 1
2_22_10 3, 11
1_19_00 9
1_11_10 16
7_18_06 4, 12, 16, 8, 1, 9, 13
2_8_10 3, 11
2_19_10 6, 14
4_16_00 4,12, 16, 8
1_1_02 2
7_22_10 7, 15, 3, 11, 4, 12, 16
2_20_20 7, 15
4_31_00 4,12, 16, 8
1_19_12 15
3_23_18 11, 3, 15
5_12_00 3, 11, 15, 7, 8
8_26_14 10, 2, 6, 14, 11, 3, 7, 15
8_8_02 3, 11, 15, 7, 4, 12, 16, 8
4_12_10 8, 16, 4, 12
6_15_02 5, 13, 1, 9, 2, 10
1_14_14 7
7_14_06 7, 15, 3, 11, 16, 8, 12
2_29_10 9, 1
2_9_06 6, 14
4_26_20 13, 5, 9, 1
7_25_20 13, 5, 9, 1, 14, 6, 10
4_20_10 6, 14, 2, 10
8_17_08 5, 13, 1, 9, 6, 14, 2, 10
8_7_04 4, 12, 16, 8, 5, 13, 1, 9
7_17_06 4, 12, 16, 8, 5, 13, 1
8_18_00 1, 9, 13, 5, 2, 10, 14, 6
5_13_06 7, 15, 3, 11, 4
7_30_22 15, 7, 11, 3, 8, 16, 4
7_15_04 6, 14, 2, 10, 11, 3, 7
6_22_22 13, 5, 9, 1, 10, 2
7_29_04 6, 14, 2, 10, 3, 11, 15
6_8_16 10, 2, 6, 14, 7, 15
2_6_14 5, 13
7_5_02 3, 11, 15, 7, 4, 12, 16
7_31_14 11, 3, 7, 15, 16, 8, 12
8_11_22 14, 6, 10, 2, 15, 7, 11, 3
7_2_04 3, 11, 15, 7, 16, 8, 12
8_26_12 9, 1, 5, 13, 10, 2, 6, 14
2_16_08 4, 12
5_30_16 12, 4, 8, 16, 5
1_4_10 10
8_28_14 10, 2, 6, 14, 11, 3, 7, 15
7_11_08 7, 15, 3, 11, 16, 8, 12
7_24_10 7, 15, 3, 11, 12, 4, 8
5_9_16 11, 3, 7, 15, 12
1_20_10 10
1_7_10 15
2_9_10 8, 16
2_26_08 3, 11
4_13_22 15, 7, 11, 3
6_9_20 13, 5, 9, 1, 14, 6
4_24_22 13, 5, 9, 1
5_5_06 5, 13, 1, 9, 6
4_1_06 4, 12, 16, 8
5_17_22 12, 4, 8, 16, 13
6_22_10 7, 15, 3, 11, 4, 12
7_16_16 12, 4, 8, 16, 13, 5, 9
5_31_18 13, 5, 9, 1, 2
6_8_08 6, 14, 2, 10, 3, 11
5_7_14 9, 1, 5, 13, 2
4_24_16 10, 2, 6, 14
3_28_06 2, 10, 6
6_8_02 3, 11, 15, 7, 16, 8
6_18_08 5, 13, 1, 9, 2, 10
4_5_06 5, 13, 1, 9
2_11_20 13, 5
2_25_18 12, 4
1_24_14 13
2_7_16 10, 2
3_26_14 6, 14, 2
3_13_16 12, 4, 8
2_20_00 13, 5
2_30_08 4, 12
5_26_16 11, 3, 7, 15, 8
8_20_12 7, 15, 3, 11, 8, 16, 4, 12
7_24_08 6, 14, 2, 10, 11, 3, 7
7_21_08 6, 14, 2, 10, 7, 15, 3
7_5_08 6, 14, 2, 10, 7, 15, 3
4_20_22 12, 4, 8, 16
7_24_22 13, 5, 9, 1, 2, 10, 14
8_6_20 12, 4, 8, 16, 13, 5, 9, 1
8_29_02 5, 13, 1, 9, 2, 10, 14, 6
3_8_10 3, 11, 7
3_11_00 3, 11, 7
7_14_22 15, 7, 11, 3, 8, 16, 4
2_7_16 10, 2
1_29_14 11
6_1_10 6, 14, 2, 10, 7, 15
7_24_10 7, 15, 3, 11, 12, 4, 8
8_5_10 7, 15, 3, 11, 8, 16, 4, 12
6_22_22 13, 5, 9, 1, 10, 2
2_21_00 2, 10
3_16_04 2, 10, 6
4_15_02 5, 13, 1, 9
6_6_16 10, 2, 6, 14, 7, 15
5_16_12 10, 2, 6, 14, 11
1_13_22 15
8_30_18 13, 5, 9, 1, 10, 2, 6, 14
1_17_18 10
4_18_04 3, 11, 15, 7
3_24_10 3, 11, 7
4_6_20 12, 4, 8, 16
4_14_16 12, 4, 8, 16
1_9_06 6
2_5_06 5, 13
2_9_16 11, 3
7_10_12 9, 1, 5, 13, 6, 14, 2
6_8_06 5, 13, 1, 9, 2, 10
7_25_06 6, 14, 2, 10, 7, 15, 3
2_9_08 7, 15
5_11_08 7, 15, 3, 11, 16
6_22_20 12, 4, 8, 16, 9, 1
3_5_08 6, 14, 2
8_24_08 6, 14, 2, 10, 7, 15, 3, 11
1_2_08 1
4_25_16 11, 3, 7, 15
5_18_00 1, 9, 13, 5, 14
3_14_12 6, 14, 2
6_14_10 9, 1, 5, 13, 2, 10
1_17_10 6
5_30_08 8, 16, 4, 12, 1
6_8_10 7, 15, 3, 11, 4, 12
4_15_16 12, 4, 8, 16
2_24_08 2, 10
3_26_04 1, 9, 13
4_29_00 4,12, 16, 8
7_6_04 4, 12, 16, 8, 1, 9, 13
6_6_10 7, 15, 3, 11, 4, 12
6_7_06 5, 13, 1, 9, 6, 14
2_29_22 15, 7
8_11_04 5, 13, 1, 9, 6, 14, 2, 10
3_1_20 11, 3, 7
1_20_06 8
3_24_10 3, 11, 7
8_25_06 6, 14, 2, 10, 7, 15, 3, 11
7_9_16 11, 3, 7, 15, 12, 4, 8
4_30_08 8, 16, 4, 12
7_27_10 8, 16, 4, 12, 1, 9, 13
6_11_12 9, 1, 5, 13, 10, 2
2_3_20 11, 3
5_3_14 8, 16, 4, 12, 1
1_21_08 6
6_5_18 11, 3, 7, 15, 12, 4
1_6_18 7
5_29_16 12, 4, 8, 16, 9
6_21_00 2, 10, 14, 6, 3, 11
3_31_10 9, 1, 13
3_4_10 2, 10, 6
7_23_14 9, 1, 5, 13, 2, 10, 14
5_10_20 13, 5, 9, 1, 10
1_6_08 2
6_29_22 15, 7, 11, 3, 12, 4
3_24_00 14, 6, 2
5_8_02 3, 11, 15, 7, 8
5_20_06 4, 12, 16, 8, 9
2_4_04 15, 7
7_4_02 2, 10, 14, 6, 7, 15, 3
6_1_02 2, 10, 14, 6, 3, 11
4_12_18 12, 4, 8, 16
3_23_02 3, 11, 7
6_17_06 4, 12, 16, 8, 5, 13
8_30_10 9, 1, 5, 13, 6, 14, 2, 10
2_9_12 9, 1
5_10_04 5, 13, 1, 9, 2
3_28_12 5, 13, 9
1_19_20 3
2_15_16 12, 4
8_11_16 11, 3, 7, 15, 12, 4, 8, 16
8_18_10 6, 14, 2, 10, 7, 15, 3, 11
3_31_16 12, 4, 16
3_22_04 16, 8, 12
7_21_00 2, 10, 14, 6, 3, 11, 15
1_10_02 16
3_28_02 16, 8, 4
6_3_20 11, 3, 7, 15, 12, 4
5_14_14 11, 3, 7, 15, 4
5_19_12 7, 15, 3, 11, 16
8_31_14 11, 3, 7, 15, 8, 16, 4, 12
2_15_12 10, 2
4_26_12 9, 1, 5, 13
7_28_20 13, 5, 9, 1, 2, 10, 14
3_22_08 2, 10, 14
5_9_04 5, 13, 1, 9, 6
6_31_02 5, 13, 1, 9, 2, 10
7_5_02 3, 11, 15, 7, 4, 12, 16
3_3_06 4, 12, 8
8_20_18 10, 2, 6, 14, 11, 3, 7, 15
2_29_00 4,12
5_3_08 5, 13, 1, 9, 14
6_31_20 14, 6, 10, 2, 11, 3
1_2_00 13
1_20_04 7
6_19_08 5, 13, 1, 9, 6, 14
5_16_22 15, 7, 11, 3, 16
7_13_20 14, 6, 10, 2, 11, 3, 7
6_12_06 6, 14, 2, 10, 3, 11
4_7_14 9, 1, 5, 13
2_29_00 4,12
5_5_12 8, 16, 4, 12, 9
1_24_12 12
7_24_10 7, 15, 3, 11, 12, 4, 8
3_26_08 3, 11, 15
4_25_22 14, 6, 10, 2
1_27_14 2
5_31_00 4, 12, 16, 8, 9
7_27_16 11, 3, 7, 15, 4, 12, 16
1_27_20 5
4_8_16 10, 2, 6, 14
1_31_12 2
8_18_08 5, 13, 1, 9, 6, 14, 2, 10
5_9_10 8, 16, 4, 12, 9
6_9_00 3, 11, 15, 7, 4, 12
5_26_00 3, 11, 15, 7, 16
4_25_08 7, 15, 3, 11
6_11_10 8, 16, 4, 12, 9, 1
4_6_16 10, 2, 6, 14
1_14_14 7
6_13_12 10, 2, 6, 14, 7, 15
3_23_00 2, 10, 6
8_23_08 6, 14, 2, 10, 7, 15, 3, 11
1_17_14 8
1_5_10 7
5_5_04 4, 12, 16, 8, 5
3_5_14 9, 1, 5
1_15_12 2
2_23_04 4, 12
5_21_08 6, 14, 2, 10, 7
5_31_18 13, 5, 9, 1, 2
5_3_06 4, 12, 16, 8, 13
5_9_02 4, 12, 16, 8, 5
8_24_08 6, 14, 2, 10, 7, 15, 3, 11
4_29_10 9, 1, 5, 13
4_22_18 11, 3, 7, 15
4_15_18 13, 5, 9, 1
8_18_02 2, 10, 14, 6, 3, 11, 15, 7
1_17_00 1
5_2_20 11, 3, 7, 15, 8
7_30_22 15, 7, 11, 3, 8, 16, 4
5_10_04 5, 13, 1, 9, 2
4_30_08 8, 16, 4, 12
7_18_22 12, 4, 8, 16, 9, 1, 5
7_18_00 1, 9, 13, 5, 14, 6, 10
4_21_04 4, 12, 16, 8
6_20_10 6, 14, 2, 10, 3, 11
7_8_18 11, 3, 7, 15, 16, 8, 12
4_16_10 9, 1, 5, 13
2_20_20 7, 15
2_2_18 6, 14
3_2_22 8, 16, 4
7_14_12 10, 2, 6, 14, 3, 11, 15
1_14_22 11
5_29_06 7, 15, 3, 11, 4
1_28_18 16
6_3_20 11, 3, 7, 15, 12, 4
2_26_02 16, 8
4_30_14 11, 3, 7, 15
7_14_00 4, 12, 16, 8, 13, 5, 9
8_17_16 9, 1, 5, 13, 10, 2, 6, 14
7_27_02 4, 12, 16, 8, 13, 5, 9
5_6_14 9, 1, 5, 13, 6
8_12_14 10, 2, 6, 14, 11, 3, 7, 15
7_8_14 9, 1, 5, 13, 14, 6, 10
6_16_16 12, 4, 8, 16, 5, 13
4_27_02 4, 12, 16, 8
7_2_08 5, 13, 1, 9, 2, 10, 14
5_22_10 7, 15, 3, 11, 4
3_23_06 5, 13, 9
2_31_10 9, 1
6_26_04 5, 13, 1, 9, 2, 10
4_8_18 11, 3, 7, 15
8_26_08 7, 15, 3, 11, 8, 16, 4, 12
3_16_06 3, 11, 7
6_14_00 4, 12, 16, 8, 13, 5
2_4_04 15, 7
8_23_18 11, 3, 7, 15, 12, 4, 8, 16
2_10_08 3, 11
2_3_14 8, 16
8_25_12 9, 1, 5, 13, 10, 2, 6, 14
6_13_00 4, 12, 16, 8, 1, 9
5_28_16 11, 3, 7, 15, 16
6_31_10 9, 1, 5, 13, 6, 14
7_29_08 8, 16, 4, 12, 5, 13, 1
4_30_22 15, 7, 11, 3
8_9_04 5, 13, 1, 9, 6, 14, 2, 10
3_16_22 11, 3, 15
4_9_02 4, 12, 16, 8
2_2_06 16, 8
1_11_14 2
1_25_02 4
8_22_20 12, 4, 8, 16, 13, 5, 9, 1
1_2_02 14
3_26_08 3, 11, 15
8_20_18 10, 2, 6, 14, 11, 3, 7, 15
4_11_08 7, 15, 3, 11
5_12_14 10, 2, 6, 14, 15
7_10_06 6, 14, 2, 10, 3, 11, 15
7_9_04 5, 13, 1, 9, 6, 14, 2
4_14_18 13, 5, 9, 1
5_21_14 9, 1, 5, 13, 10
5_29_08 8, 16, 4, 12, 5
5_31_08 8, 16, 4, 12, 13
8_4_16 9, 1, 5, 13, 10, 2, 6, 14
3_23_10 7, 15, 11
7_29_12 10, 2, 6, 14, 7, 15, 3
5_14_14 11, 3, 7, 15, 4
1_17_20 11
7_24_16 10, 2, 6, 14, 15, 7, 11
7_13_18 13, 5, 9, 1, 10, 2, 6
7_16_20 14, 6, 10, 2, 15, 7, 11
1_21_06 5
4_10_12 9, 1, 5, 13
7_24_22 13, 5, 9, 1, 2, 10, 14
5_12_00 3, 11, 15, 7, 8
2_24_14 5, 13
5_13_22 15, 7, 11, 3, 12
3_1_16 9, 1, 5
1_6_06 1
2_31_22 15, 7
1_7_02 11
2_28_12 5, 13
5_17_08 5, 13, 1, 9, 6
8_5_02 3, 11, 15, 7, 4, 12, 16, 8
6_4_12 7, 15, 3, 11, 4, 12
6_29_04 6, 14, 2, 10, 3, 11
2_6_18 7, 15
4_7_12 8, 16, 4, 12
8_18_16 9, 1, 5, 13, 10, 2, 6, 14
1_17_02 2
3_21_16 10, 2, 6
8_1_12 7, 15, 3, 11, 8, 16, 4, 12
7_21_10 7, 15, 3, 11, 8, 16, 4
1_10_12 5
7_5_14 9, 1, 5, 13, 10, 2, 6
6_31_04 6, 14, 2, 10, 3, 11
2_10_08 3, 11
8_17_12 7, 15, 3, 11, 8, 16, 4, 12
5_11_04 5, 13, 1, 9, 14
3_19_16 9, 1, 13
1_9_04 5
4_3_10 6, 14, 2, 10
8_23_18 11, 3, 7, 15, 12, 4, 8, 16
2_22_06 1, 9
4_1_02 2, 10, 14, 6
8_15_00 4, 12, 16, 8, 1, 9, 13, 5
1_23_12 16
7_21_12 8, 16, 4, 12, 9, 1, 5
5_6_20 12, 4, 8, 16, 9
6_18_16 9, 1, 5, 13, 6, 14
4_22_02 3, 11, 15, 7
3_28_14 6, 14, 10
1_16_12 14
4_14_08 8, 16, 4, 12
1_31_22 7
2_19_16 9, 1
7_13_18 13, 5, 9, 1, 10, 2, 6
6_16_22 15, 7, 11, 3, 8, 16
2_8_08 2, 10
3_9_04 5, 13, 1
5_18_22 12, 4, 8, 16, 9
1_17_16 9
3_9_22 14, 6, 10
8_30_22 15, 7, 11, 3, 12, 4, 8, 16
4_20_22 12, 4, 8, 16
5_19_00 1, 9, 13, 5, 10
6_6_00 2, 10, 14, 6, 15, 7
2_7_08 6, 14
8_19_02 2, 10, 14, 6, 3, 11, 15, 7
7_22_16 10, 2, 6, 14, 7, 15, 3
5_27_08 7, 15, 3, 11, 16
3_1_08 5, 13, 1
4_15_08 8, 16, 12
3_12_12 5, 13, 9
5_19_14 8, 16, 4, 12, 1
3_31_12 10, 2, 14
3_8_02 15, 7, 3
5_4_12 7, 15, 3, 11, 12
4_2_14 8, 16, 4, 12
1_10_20 9
6_11_02 4, 12, 16, 8, 5, 13
6_2_02 2, 10, 14, 6, 15, 7
5_25_00 3, 11, 15, 7, 4
7_26_12 9, 1, 5, 13, 6, 14, 2
4_14_20 14, 6, 10, 2
4_5_08 6, 14, 2, 10
4_19_22 12, 4, 8, 16
4_14_14 11, 3, 7, 15
8_14_22 15, 7, 11, 3, 12, 4, 8, 16
8_18_22 12, 4, 8, 16, 13, 5, 9, 1
2_11_14 10, 2
1_12_20 1
1_24_14 13
6_8_22 13, 5, 9, 1, 10, 2
3_16_20 10, 2, 14
1_1_22 12
8_19_16 9, 1, 5, 13, 10, 2, 6, 14
7_21_18 11, 3, 7, 15, 12, 4, 8
6_19_04 3, 11, 15, 7, 4, 12
4_22_16 10, 2, 6, 14
2_26_22 10, 2
1_28_14 14
2_29_20 14, 6
2_3_08 5, 13
5_24_12 8, 16, 4, 12, 13
3_11_16 11, 3, 15
2_3_04 3, 11
2_14_20 10, 2
8_26_00 3, 11, 15, 7, 4, 12, 16, 8
5_28_04 5, 13, 1, 9, 10
6_26_10 8, 16, 4, 12, 5, 13
5_30_00 4, 12, 16, 8, 13
1_18_00 13
5_29_04 6, 14, 2, 10, 3
1_5_14 9
6_24_22 13, 5, 9, 1, 10, 2
2_21_22 13, 5
8_6_18 11, 3, 7, 15, 12, 4, 8, 16
4_17_02 2, 10, 14, 6
6_27_12 9, 1, 5, 13, 10, 2
5_8_08 6, 14, 2, 10, 11
4_9_06 6, 14, 2, 10
6_23_16 10, 2, 6, 14, 11, 3
7_3_00 1, 9, 13, 5, 10, 2, 6
4_20_04 3, 11, 15, 7
5_25_20 13, 5, 9, 1, 14
2_12_18 8, 16
7_14_04 6, 14, 2, 10, 15, 7, 11
1_2_08 1
8_29_22 15, 7, 11, 3, 12, 4, 8, 16
2_2_12 3, 11
2_24_08 2, 10
7_26_04 5, 13, 1, 9, 2, 10, 14
7_16_20 14, 6, 10, 2, 15, 7, 11
1_30_02 1
4_8_02 3, 11, 15, 7
1_4_04 7
6_17_12 7, 15, 3, 11, 8, 16
5_28_14 10, 2, 6, 14, 15
3_20_14 4, 12, 8
3_21_06 5, 13, 1
8_16_20 14, 6, 10, 2, 11, 3, 7, 15
2_31_22 15, 7
8_10_18 12, 4, 8, 16, 13, 5, 9, 1
7_16_20 14, 6, 10, 2, 15, 7, 11
5_6_02 3, 11, 15, 7, 16
1_13_10 9
1_11_00 11
3_7_20 12, 4, 16
8_12_00 3, 11, 15, 7, 4, 12, 16, 8
7_12_18 12, 4, 8, 16, 1, 9, 13
3_21_18 11, 3, 7
6_26_08 7, 15, 3, 11, 4, 12
1_22_18 7
7_6_12 8, 16, 4, 12, 5, 13, 1
8_30_16 12, 4, 8, 16, 9, 1, 5, 13
2_16_08 4, 12
1_20_16 13
3_26_20 9, 1, 5
8_24_04 4, 12, 16, 8, 5, 13, 1, 9
5_13_20 14, 6, 10, 2, 11
1_12_16 15
3_30_00 16, 8, 12
1_25_12 9
5_22_00 2, 10, 14, 6, 15
6_12_22 14, 6, 10, 2, 11, 3
2_11_10 8, 16
3_20_18 6, 14, 10
1_23_18 3
3_26_12 5, 13, 1
8_31_08 8, 16, 4, 12, 5, 13, 1, 9
3_17_10 6, 14, 2
1_24_00 6
4_24_10 7, 15, 3, 11
5_31_22 15, 7, 11, 3, 4
2_7_00 2, 10
7_4_04 3, 11, 15, 7, 8, 16, 4
5_29_22 15, 7, 11, 3, 12
2_1_02 2, 10
6_26_14 10, 2, 6, 14, 7, 15
5_27_10 8, 16, 4, 12, 1
3_3_18 10, 2, 14
7_6_00 2, 10, 14, 6, 15, 7, 11
3_10_00 15, 7, 11
7_3_20 11, 3, 7, 15, 4, 12, 16
8_13_02 5, 13, 1, 9, 2, 10, 14, 6
8_26_04 5, 13, 1, 9, 6, 14, 2, 10
2_28_02 16, 8
2_13_02 5, 13
5_6_02 3, 11, 15, 7, 16
5_9_20 13, 5, 9, 1, 14
3_16_08 4, 12, 8
7_23_12 8, 16, 4, 12, 1, 9, 13
6_5_22 13, 5, 9, 1, 14, 6
5_6_10 7, 15, 3, 11, 4
7_3_08 5, 13, 1, 9, 14, 6, 10
5_3_10 6, 14, 2, 10, 15
1_6_02 15
7_3_06 4, 12, 16, 8, 13, 5, 9
1_6_04 16
4_10_22 14, 6, 10, 2
6_14_18 13, 5, 9, 1, 6, 14
1_13_00 4
1_14_20 10
7_17_00 1, 9, 13, 5, 2, 10, 14
7_9_08 7, 15, 3, 11, 8, 16, 4
2_4_18 6, 14
7_25_18 12, 4, 8, 16, 13, 5, 9
1_15_20 6
1_18_16 5
6_31_02 5, 13, 1, 9, 2, 10
3_7_14 9, 1, 13
4_5_14 9, 1, 5, 13
8_22_14 9, 1, 5, 13, 10, 2, 6, 14
7_27_10 8, 16, 4, 12, 1, 9, 13
1_21_02 3
5_8_06 5, 13, 1, 9, 10
1_7_22 5
5_8_14 9, 1, 5, 13, 14
6_28_04 5, 13, 1, 9, 2, 10
3_29_04 6, 14, 2
7_31_06 7, 15, 3, 11, 12, 4, 8
6_18_10 6, 14, 2, 10, 3, 11
5_19_04 3, 11, 15, 7, 12
7_1_06 4, 12, 16, 8, 5, 13, 1
7_10_20 13, 5, 9, 1, 10, 2, 6
6_23_22 13, 5, 9, 1, 14, 6
3_4_02 14, 6, 2
5_28_16 11, 3, 7, 15, 16
5_15_10 9, 1, 5, 13, 14
3_18_10 2, 10, 14
7_15_00 4, 12, 16, 8, 9, 1, 5
5_29_06 7, 15, 3, 11, 4
3_19_14 8, 16, 12
5_23_20 12, 4, 8, 16, 5
1_3_16 1
6_8_16 10, 2, 6, 14, 7, 15
7_27_12 9, 1, 5, 13, 2, 10, 14
6_31_06 7, 15, 3, 11, 4, 12
4_1_00 1, 9, 13, 5
3_15_04 6, 14, 10
4_26_20 13, 5, 9, 1
1_9_20 13
3_17_12 7, 15, 3
1_16_22 3
2_31_22 15, 7
1_10_00 15
2_10_20 9, 1
8_22_08 6, 14, 2, 10, 7, 15, 3, 11
5_19_00 1, 9, 13, 5, 10
6_6_18 11, 3, 7, 15, 8, 16
1_18_06 16
1_28_14 14
2_13_02 5, 13
3_29_16 12, 4, 8
6_17_02 2, 10, 14, 6, 3, 11
7_21_18 11, 3, 7, 15, 12, 4, 8
1_27_00 11
8_28_18 12, 4, 8, 16, 13, 5, 9, 1
5_26_00 3, 11, 15, 7, 16
6_13_22 15, 7, 11, 3, 12, 4
3_22_02 15, 7, 11
8_26_00 3, 11, 15, 7, 4, 12, 16, 8
2_2_10 2, 10
3_11_14 10, 2, 14
7_31_00 4, 12, 16, 8, 9, 1, 5
5_10_14 10, 2, 6, 14, 7
4_4_06 4, 12, 16, 8
6_12_04 5, 13, 1, 9, 2, 10
8_1_12 7, 15, 3, 11, 8, 16, 4, 12
7_16_16 12, 4, 8, 16, 13, 5, 9
1_12_14 14
8_24_16 10, 2, 6, 14, 11, 3, 7, 15
3_29_10 9, 1, 5
8_4_04 3, 11, 15, 7, 4, 12, 16, 8
2_16_18 9, 1
4_31_02 5, 13, 1, 9
3_21_18 11, 3, 7
4_18_14 8, 16, 4, 12
4_23_04 4, 12, 16, 8
4_19_00 1, 9, 13, 5
6_4_18 10, 2, 6, 14, 7, 15
7_15_22 15, 7, 11, 3, 4, 12, 16
8_9_04 5, 13, 1, 9, 6, 14, 2, 10
2_5_04 4, 12
4_9_08 7, 15, 3, 11
6_29_00 4, 12, 16, 8, 1, 9
4_3_10 6, 14, 2, 10
4_19_18 10, 2, 6, 14
1_16_16 16
2_25_18 12, 4
2_7_12 8, 16
2_11_00 3, 11
8_22_16 10, 2, 6, 14, 11, 3, 7, 15
1_6_10 3
4_14_20 14, 6, 10, 2
7_19_14 8, 16, 4, 12, 1, 9, 13
6_9_20 13, 5, 9, 1, 14, 6
6_7_06 5, 13, 1, 9, 6, 14
4_17_18 10, 2, 6, 14
8_1_12 7, 15, 3, 11, 8, 16, 4, 12
5_25_22 14, 6, 10, 2, 15
7_2_00 1, 9, 13, 5, 14, 6, 10
2_25_08 7, 15
8_27_08 7, 15, 3, 11, 8, 16, 4, 12
4_11_20 13, 5, 9, 1
7_5_06 5, 13, 1, 9, 6, 14, 2
7_4_18 10, 2, 6, 14, 15, 7, 11
6_4_02 2, 10, 14, 6, 15, 7
5_13_18 13, 5, 9, 1, 10
4_30_14 11, 3, 7, 15
3_3_02 2, 10, 6
7_5_06 5, 13, 1, 9, 6, 14, 2
3_23_22 13, 5, 1
6_23_16 10, 2, 6, 14, 11, 3
1_1_14 8
6_9_20 13, 5, 9, 1, 14, 6
2_30_16 8, 16
7_14_22 15, 7, 11, 3, 8, 16, 4
8_28_08 7, 15, 3, 11, 8, 16, 4, 12
1_11_16 3
4_3_18 10, 2, 6, 14
6_16_10 9, 1, 5, 13, 2, 10
5_23_14 9, 1, 5, 13, 2
5_28_04 5, 13, 1, 9, 10
1_19_20 3
5_3_20 11, 3, 7, 15, 4
5_16_04 6, 14, 2, 10, 7
6_9_00 3, 11, 15, 7, 4, 12
6_19_10 6, 14, 2, 10, 7, 15
6_22_10 7, 15, 3, 11, 4, 12
6_30_10 9, 1, 5, 13, 2, 10
8_1_08 5, 13, 1, 9, 6, 14, 2, 10
3_6_18 7, 15, 3
2_7_16 10, 2
5_13_20 14, 6, 10, 2, 11
2_24_02 15, 7
3_5_12 8, 16, 4
3_10_16 7, 15, 3
7_29_14 11, 3, 7, 15, 8, 16, 4
7_13_12 10, 2, 6, 14, 7, 15, 3
8_17_00 1, 9, 13, 5, 2, 10, 14, 6
2_16_04 2, 10
8_11_16 11, 3, 7, 15, 12, 4, 8, 16
6_25_16 11, 3, 7, 15, 12, 4
6_28_02 4, 12, 16, 8, 1, 9
3_2_02 14, 6, 10
3_25_04 5, 13, 1
3_10_14 6, 14, 2
2_19_02 2, 10
1_9_12 9
7_26_22 14, 6, 10, 2, 11, 3, 7
2_2_10 2, 10
2_29_10 9, 1
6_3_20 11, 3, 7, 15, 12, 4
6_22_18 11, 3, 7, 15, 8, 16
5_18_18 10, 2, 6, 14, 7
7_25_04 5, 13, 1, 9, 6, 14, 2
5_25_20 13, 5, 9, 1, 14
7_16_16 12, 4, 8, 16, 13, 5, 9
6_14_00 4, 12, 16, 8, 13, 5
2_2_08 1, 9
7_9_06 6, 14, 2, 10, 7, 15, 3
7_5_06 5, 13, 1, 9, 6, 14, 2
4_27_06 6, 14, 2, 10
2_18_12 3, 11
8_22_02 3, 11, 15, 7, 4, 12, 16, 8
7_8_00 2, 10, 14, 6, 7, 15, 3
7_27_10 8, 16, 4, 12, 1, 9, 13
7_9_02 4, 12, 16, 8, 5, 13, 1
4_9_08 7, 15, 3, 11
1_26_14 6
8_28_22 14, 6, 10, 2, 15, 7, 11, 3
7_9_10 8, 16, 4, 12, 9, 1, 5
7_28_22 14, 6, 10, 2, 3, 11, 15
4_31_02 5, 13, 1, 9
2_23_12 8, 16
7_30_00 4, 12, 16, 8, 13, 5, 9
6_24_20 12, 4, 8, 16, 9, 1
6_28_12 9, 1, 5, 13, 6, 14
1_29_00 4
7_5_06 5, 13, 1, 9, 6, 14, 2
1_31_22 7
4_19_08 5, 13, 1, 9
8_7_20 12, 4, 8, 16, 13, 5, 9, 1
6_19_02 2, 10, 14, 6, 3, 11
4_1_08 5, 13, 1, 9
3_24_12 4, 12, 8
7_12_08 7, 15, 3, 11, 12, 4, 8
1_2_02 14
5_21_00 2, 10, 14, 6, 3
7_14_12 10, 2, 6, 14, 3, 11, 15
4_23_10 7, 15, 3, 11
6_19_14 8, 16, 4, 12, 9, 1
6_8_16 10, 2, 6, 14, 7, 15
3_9_06 6, 14, 2
4_21_18 11, 3, 7, 15
6_12_08 7, 15, 3, 11, 4, 12
6_29_12 10, 2, 6, 14, 7, 15
1_14_04 2
8_8_12 8, 16, 4, 12, 9, 1, 5, 13
8_24_12 8, 16, 4, 12, 9, 1, 5, 13
7_9_14 10, 2, 6, 14, 11, 3, 7
3_11_10 8, 16, 12
7_12_10 8, 16, 4, 12, 13, 5, 9
2_27_18 12, 4
8_8_10 7, 15, 3, 11, 8, 16, 4, 12
8_21_00 2, 10, 14, 6, 3, 11, 15, 7
6_19_08 5, 13, 1, 9, 6, 14
2_9_10 8, 16
8_8_08 6, 14, 2, 10, 7, 15, 3, 11
8_21_10 7, 15, 3, 11, 8, 16, 4, 12
6_1_14 8, 16, 4, 12, 9, 1
1_11_18 4
6_1_16 9, 1, 5, 13, 10, 2
1_15_04 14
7_3_02 2, 10, 14, 6, 11, 3, 7
3_8_20 8, 16, 12
2_1_10 6, 14
3_10_02 16, 8, 12
8_14_10 9, 1, 5, 13, 6, 14, 2, 10
4_1_16 9, 1, 5, 13
2_5_04 4, 12
5_18_20 11, 3, 7, 15, 8
2_6_16 6, 14
4_1_18 10, 2, 6, 14
3_31_06 7, 15, 11
4_6_14 9, 1, 5, 13
3_9_00 3, 11, 15
7_11_20 13, 5, 9, 1, 6, 14, 2
8_22_06 5, 13, 1, 9, 6, 14, 2, 10
4_1_00 1, 9, 13, 5
1_9_04 5
1_21_04 4
6_3_06 4, 12, 16, 8, 5, 13
4_29_08 8, 16, 4, 12
4_7_16 10, 2, 6, 14
8_18_12 7, 15, 3, 11, 8, 16, 4, 12
5_31_10 9, 1, 5, 13, 14
6_2_12 7, 15, 3, 11, 4, 12
3_10_14 6, 14, 2
2_18_02 14, 6
4_14_10 9, 1, 5, 13
6_17_04 3, 11, 15, 7, 4, 12
5_10_08 7, 15, 3, 11, 4
7_24_04 4, 12, 16, 8, 9, 1, 5
8_7_08 6, 14, 2, 10, 7, 15, 3, 11
5_30_22 15, 7, 11, 3, 8
3_23_20 12, 4, 16
4_4_02 2, 10, 14, 6
8_5_08 6, 14, 2, 10, 7, 15, 3, 11
1_21_16 10
6_4_18 10, 2, 6, 14, 7, 15
2_4_14 4, 12
4_16_06 7, 15, 3, 11
2_12_08 3, 11
4_5_08 6, 14, 2, 10
8_5_04 4, 12, 16, 8, 5, 13, 1, 9
2_12_10 4, 12
8_29_20 14, 6, 10, 2, 11, 3, 7, 15
8_28_14 10, 2, 6, 14, 11, 3, 7, 15
1_3_06 12
1_5_22 13
8_21_16 10, 2, 6, 14, 11, 3, 7, 15
4_14_12 10, 2, 6, 14
5_27_04 5, 13, 1, 9, 14
4_1_10 6, 14, 2, 10
5_10_06 6, 14, 2, 10, 3
3_23_04 4, 12, 8
2_19_04 3, 11
7_27_12 9, 1, 5, 13, 2, 10, 14
1_28_16 15
3_27_20 13, 5, 1
5_25_02 4, 12, 16, 8, 5
8_20_22 12, 4, 8, 16, 13, 5, 9, 1
5_31_12 10, 2, 6, 14, 15
1_6_14 5
6_15_00 4, 12, 16, 8, 1, 9
5_19_20 11, 3, 7, 15, 4
7_8_18 11, 3, 7, 15, 16, 8, 12
4_26_04 5, 13, 1, 9
6_13_12 10, 2, 6, 14, 7, 15
4_4_16 9, 1, 5, 13
6_4_14 8, 16, 4, 12, 5, 13
7_13_04 6, 14, 2, 10, 3, 11, 15
6_13_06 7, 15, 3, 11, 4, 12
2_7_20 12, 4
4_5_12 8, 16, 4, 12
3_9_18 12, 4, 8
4_14_08 8, 16, 4, 12
3_26_10 4, 12, 16
8_1_02 2, 10, 14, 6, 3, 11, 15, 7
1_18_12 3
4_4_02 2, 10, 14, 6
6_23_20 12, 4, 8, 16, 13, 5
4_9_10 8, 16, 4, 12
8_18_14 8, 16, 4, 12, 9, 1, 5, 13
4_14_08 8, 16, 4, 12
4_22_04 4, 12, 16, 8
1_21_18 11
8_21_16 10, 2, 6, 14, 11, 3, 7, 15
1_17_08 5
5_16_16 12, 4, 8, 16, 13
1_12_04 9
8_9_20 13, 5, 9, 1, 14, 6, 10, 2
4_22_02 3, 11, 15, 7
3_25_00 3, 11, 15
2_19_14 8, 16
5_27_18 12, 4, 8, 16, 5
5_6_20 12, 4, 8, 16, 9
7_2_12 7, 15, 3, 11, 4, 12, 16
2_11_08 7, 15
6_19_18 10, 2, 6, 14, 11, 3
3_18_00 13, 5, 9
6_14_02 5, 13, 1, 9, 14, 6
2_21_18 11, 3
3_13_12 10, 2, 6
5_22_12 8, 16, 4, 12, 5
6_11_02 4, 12, 16, 8, 5, 13
5_28_04 5, 13, 1, 9, 10
1_19_02 10
5_3_14 8, 16, 4, 12, 1
8_20_20 11, 3, 7, 15, 12, 4, 8, 16
6_30_06 7, 15, 3, 11, 16, 8
4_2_22 12, 4, 8, 16
5_7_06 5, 13, 1, 9, 14
5_30_12 10, 2, 6, 14, 3
8_15_06 7, 15, 3, 11, 4, 12, 16, 8
2_1_16 9, 1
5_31_22 15, 7, 11, 3, 4
2_16_10 5, 13
2_22_22 9, 1
1_9_06 6
3_16_02 1, 9, 5
8_24_22 13, 5, 9, 1, 14, 6, 10, 2
1_10_08 3
3_7_22 13, 5, 1
8_30_16 12, 4, 8, 16, 9, 1, 5, 13
4_8_04 4, 12, 16, 8
1_9_20 13
8_8_18 11, 3, 7, 15, 12, 4, 8, 16
1_3_22 4
5_4_18 10, 2, 6, 14, 15
1_1_22 12
4_14_00 4,12, 16, 8
5_22_12 8, 16, 4, 12, 5
4_28_16 11, 3, 7, 15
7_11_10 8, 16, 4, 12, 1, 9, 13
6_3_22 12, 4, 8, 16, 13, 5
3_14_22 11, 3, 7
3_13_20 14, 6, 10
2_26_12 5, 13
6_27_14 10, 2, 6, 14, 11, 3
4_16_12 10, 2, 6, 14
4_16_10 9, 1, 5, 13
4_27_02 4, 12, 16, 8
2_14_02 1, 9
2_28_16 7, 15
1_12_02 8
6_22_08 6, 14, 2, 10, 3, 11
3_18_14 4, 12, 16
2_28_02 16, 8
4_5_08 6, 14, 2, 10
8_11_04 5, 13, 1, 9, 6, 14, 2, 10
6_20_18 10, 2, 6, 14, 7, 15
4_18_06 4, 12, 16, 8
1_4_10 10
4_11_18 12, 4, 8, 16
2_13_14 11, 3
7_17_02 2, 10, 14, 6, 3, 11, 15
1_27_04 13
1_14_02 1
2_5_20 12, 4
5_1_04 3, 11, 15, 7, 4
4_14_18 13, 5, 9, 1
7_30_00 4, 12, 16, 8, 13, 5, 9
3_23_02 3, 11, 7
2_16_06 3, 11
3_29_04 6, 14, 2
8_23_00 2, 10, 14, 6, 3, 11, 15, 7
8_31_18 13, 5, 9, 1, 10, 2, 6, 14
4_26_14 10, 2, 6, 14
7_12_10 8, 16, 4, 12, 13, 5, 9
7_25_06 6, 14, 2, 10, 7, 15, 3
7_20_08 5, 13, 1, 9, 10, 2, 6
2_27_00 3, 11
3_14_06 3, 11, 15
3_24_12 4, 12, 8
1_17_12 7
1_21_08 6
6_31_10 9, 1, 5, 13, 6, 14
1_9_22 14
3_21_18 11, 3, 7
4_3_04 3, 11, 15, 7
2_19_16 9, 1
6_2_10 6, 14, 2, 10, 3, 11
7_21_08 6, 14, 2, 10, 7, 15, 3
2_10_22 10, 2
7_19_10 6, 14, 2, 10, 15, 7, 11
1_9_22 14
4_21_16 10, 2, 6, 14
5_28_16 11, 3, 7, 15, 16
3_2_20 7, 15, 3
1_10_00 15
2_16_16 8, 16
8_25_12 9, 1, 5, 13, 10, 2, 6, 14
5_18_12 7, 15, 3, 11, 4
8_20_02 2, 10, 14, 6, 3, 11, 15, 7
2_22_04 16, 8
3_22_06 1, 9, 13
4_3_04 3, 11, 15, 7
4_3_12 7, 15, 3, 11
4_4_06 4, 12, 16, 8
3_2_08 1, 9, 13
8_5_16 10, 2, 6, 14, 11, 3, 7, 15
3_4_06 16, 8, 4
7_23_06 5, 13, 1, 9, 14, 6, 10
2_3_20 11, 3
1_25_22 14
3_31_20 14, 6, 2
8_2_00 1, 9, 13, 5, 2, 10, 14, 6
6_31_02 5, 13, 1, 9, 2, 10
7_28_16 11, 3, 7, 15, 16, 8, 12
3_6_10 3, 11, 15
2_8_06 1, 9
4_16_02 5, 13, 1, 9
2_20_10 2, 10
5_25_22 14, 6, 10, 2, 15
5_21_10 7, 15, 3, 11, 8
6_11_16 11, 3, 7, 15, 12, 4
7_17_12 7, 15, 3, 11, 8, 16, 4
2_13_22 15, 7
2_11_12 9, 1
1_21_18 11
7_16_02 5, 13, 1, 9, 6, 14, 2
4_30_16 12, 4, 8, 16
2_3_00 1, 9
1_13_00 4
6_29_12 10, 2, 6, 14, 7, 15
4_28_22 14, 6, 10, 2
7_18_10 6, 14, 2, 10, 3, 11, 15
5_28_04 5, 13, 1, 9, 10
4_4_14 8, 16, 4, 12
7_7_06 5, 13, 1, 9, 14, 6, 10
3_28_04 1, 9, 5
8_17_14 8, 16, 4, 12, 9, 1, 5, 13
8_15_16 12, 4, 8, 16, 9, 1, 5, 13
1_8_02 7
3_10_00 15, 7, 11
5_26_02 4, 12, 16, 8, 1
2_27_16 11, 3
7_2_14 8, 16, 4, 12, 5, 13, 1
1_6_12 4
5_1_22 12, 4, 8, 16, 13
8_30_08 8, 16, 4, 12, 5, 13, 1, 9
3_28_08 3, 11, 7
5_14_02 5, 13, 1, 9, 14
6_28_12 9, 1, 5, 13, 6, 14
6_24_10 7, 15, 3, 11, 4, 12
3_29_10 9, 1, 5
8_2_00 1, 9, 13, 5, 2, 10, 14, 6
7_30_08 8, 16, 4, 12, 1, 9, 13
1_17_02 2
4_31_22 15, 7, 11, 3
2_13_16 12, 4
2_24_12 4, 12
7_29_16 12, 4, 8, 16, 9, 1, 5
1_12_08 11
2_20_16 5, 13
5_21_14 9, 1, 5, 13, 10
3_29_08 8, 16, 4
2_10_14 6, 14
6_31_00 4, 12, 16, 8, 1, 9
8_21_00 2, 10, 14, 6, 3, 11, 15, 7
7_25_08 7, 15, 3, 11, 8, 16, 4
2_20_20 7, 15
4_14_16 12, 4, 8, 16
3_2_12 3, 11, 15
3_13_18 13, 5, 9
5_31_10 9, 1, 5, 13, 14
1_15_04 14
7_11_20 13, 5, 9, 1, 6, 14, 2
1_24_20 16
3_21_02 3, 11, 15
5_15_16 12, 4, 8, 16, 1
8_13_20 14, 6, 10, 2, 11, 3, 7, 15
7_5_12 8, 16, 4, 12, 9, 1, 5
6_15_00 4, 12, 16, 8, 1, 9
6_14_02 5, 13, 1, 9, 14, 6
8_18_18 10, 2, 6, 14, 11, 3, 7, 15
5_24_12 8, 16, 4, 12, 13
1_14_06 3
8_16_08 8, 16, 4, 12, 5, 13, 1, 9
1_11_00 11
5_2_06 4, 12, 16, 8, 1
4_30_02 5, 13, 1, 9
4_22_04 4, 12, 16, 8
4_21_14 9, 1, 5, 13
2_6_08 2, 10
5_10_08 7, 15, 3, 11, 4
8_21_10 7, 15, 3, 11, 8, 16, 4, 12
3_7_00 2, 10, 6
6_19_06 4, 12, 16, 8, 5, 13
4_16_06 7, 15, 3, 11
2_9_06 6, 14
8_11_08 7, 15, 3, 11, 8, 16, 4, 12
7_29_14 11, 3, 7, 15, 8, 16, 4
3_21_14 9, 1, 5
3_11_06 6, 14, 10
6_9_04 5, 13, 1, 9, 6, 14
5_12_16 11, 3, 7, 15, 16
5_23_06 5, 13, 1, 9, 14
5_7_14 9, 1, 5, 13, 2
8_18_18 10, 2, 6, 14, 11, 3, 7, 15
3_1_16 9, 1, 5
8_16_16 12, 4, 8, 16, 9, 1, 5, 13
3_25_14 10, 2, 6
3_6_20 8, 16, 4
1_10_02 16
4_17_14 8, 16, 4, 12
1_28_20 1
8_21_06 5, 13, 1, 9, 6, 14, 2, 10
1_30_10 5
6_27_18 12, 4, 8, 16, 13, 5
5_29_22 15, 7, 11, 3, 12
4_26_02 4, 12, 16, 8
7_22_12 8, 16, 4, 12, 5, 13, 1
4_17_16 9, 1, 5, 13
3_1_14 8, 16, 4
4_20_20 11, 3, 7, 15
1_21_00 2
8_8_06 5, 13, 1, 9, 6, 14, 2, 10
6_15_02 5, 13, 1, 9, 2, 10
5_17_06 4, 12, 16, 8, 5
3_2_00 13, 5, 9
6_17_14 8, 16, 4, 12, 9, 1
1_21_16 10
2_1_20 11, 3
6_10_14 10, 2, 6, 14, 7, 15
3_17_10 6, 14, 2
7_11_06 6, 14, 2, 10, 15, 7, 11
7_20_10 6, 14, 2, 10, 11, 3, 7
3_22_00 14, 6, 10
2_13_10 9, 1
3_21_16 10, 2, 6
2_21_12 8, 16
8_12_22 14, 6, 10, 2, 15, 7, 11, 3
1_12_10 12
3_2_08 1, 9, 13
4_27_18 12, 4, 8, 16
6_21_22 13, 5, 9, 1, 14, 6
6_24_04 4, 12, 16, 8, 1, 9
6_13_04 6, 14, 2, 10, 3, 11
4_13_08 8, 16, 4, 12
3_27_02 4, 12, 8
2_26_20 9, 1
6_22_00 2, 10, 14, 6, 15, 7
5_9_02 4, 12, 16, 8, 5
4_10_20 13, 5, 9, 1
7_19_18 10, 2, 6, 14, 3, 11, 15
5_21_20 12, 4, 8, 16, 13
3_13_08 8, 16, 4
8_1_18 10, 2, 6, 14, 11, 3, 7, 15
8_28_22 14, 6, 10, 2, 15, 7, 11, 3
8_12_20 13, 5, 9, 1, 14, 6, 10, 2
2_30_20 10, 2
1_30_04 2
7_24_18 11, 3, 7, 15, 16, 8, 12
4_15_16 12, 4, 8, 16
5_22_10 7, 15, 3, 11, 4
5_11_14 10, 2, 6, 14, 3
6_9_16 11, 3, 7, 15, 12, 4
6_27_20 13, 5, 9, 1, 14, 6
3_19_22 12, 4, 16
7_22_18 11, 3, 7, 15, 8, 16, 4
6_3_00 1, 9, 13, 5, 2, 10
6_24_00 2, 10, 14, 6, 15, 7
1_27_22 6
8_3_18 10, 2, 6, 14, 11, 3, 7, 15
5_8_16 10, 2, 6, 14, 15
3_16_20 10, 2, 14
4_19_14 8, 16, 4, 12
3_21_02 3, 11, 15
3_31_18 13, 5, 1
5_25_22 14, 6, 10, 2, 15
5_7_04 4, 12, 16, 8, 13
3_17_06 4, 12, 16
6_6_00 2, 10, 14, 6, 15, 7
7_8_16 10, 2, 6, 14, 15, 7, 11
5_10_12 9, 1, 5, 13, 6
8_8_22 13, 5, 9, 1, 14, 6, 10, 2
4_4_00 1, 9, 13, 5
8_4_18 10, 2, 6, 14, 11, 3, 7, 15
4_11_02 4, 12, 16, 8
8_28_18 12, 4, 8, 16, 13, 5, 9, 1
8_29_04 6, 14, 2, 10, 3, 11, 15, 7
1_21_08 6
1_8_00 6
7_27_00 3, 11, 15, 7, 12, 4, 8
6_16_18 13, 5, 9, 1, 6, 14
1_28_02 8
1_14_18 9
5_23_16 10, 2, 6, 14, 3
8_9_18 12, 4, 8, 16, 13, 5, 9, 1
3_12_10 4, 12, 8
8_4_10 6, 14, 2, 10, 7, 15, 3, 11
6_12_02 4, 12, 16, 8, 1, 9
2_3_12 7, 15
5_10_04 5, 13, 1, 9, 2
6_26_04 5, 13, 1, 9, 2, 10
5_31_08 8, 16, 4, 12, 13
3_28_16 7, 15, 11
4_9_06 6, 14, 2, 10
2_16_04 2, 10
4_1_00 1, 9, 13, 5
7_9_06 6, 14, 2, 10, 7, 15, 3
6_17_20 11, 3, 7, 15, 12, 4
3_19_08 5, 13, 9
1_5_06 5
7_16_00 4, 12, 16, 8, 5, 13, 1
6_4_08 5, 13, 1, 9, 2, 10
6_27_10 8, 16, 4, 12, 9, 1
4_15_04 6, 14, 2, 10
2_2_18 6, 14
8_9_12 9, 1, 5, 13, 10, 2, 6, 14
3_10_00 15, 7, 11
1_9_16 11
2_16_02 1, 9
1_24_00 6
1_7_20 4
5_29_04 6, 14, 2, 10, 3
3_27_10 8, 16, 12
5_18_16 9, 1, 5, 13, 6
8_21_08 6, 14, 2, 10, 7, 15, 3, 11
3_8_22 9, 1, 13
5_4_04 3, 11, 15, 7, 8
6_9_16 11, 3, 7, 15, 12, 4
8_17_20 11, 3, 7, 15, 12, 4, 8, 16
6_28_06 6, 14, 2, 10, 3, 11
7_6_04 4, 12, 16, 8, 1, 9, 13
6_6_20 12, 4, 8, 16, 9, 1
4_4_02 2, 10, 14, 6
4_29_16 12, 4, 8, 16
2_6_14 5, 13
7_1_04 3, 11, 15, 7, 4, 12, 16
7_8_12 8, 16, 4, 12, 13, 5, 9
1_30_20 10
7_3_02 2, 10, 14, 6, 11, 3, 7
6_17_02 2, 10, 14, 6, 3, 11
6_24_20 12, 4, 8, 16, 9, 1
4_12_06 6, 14, 2, 10
2_25_10 8, 16
3_23_00 2, 10, 6
4_14_02 5, 13, 1, 9
2_30_16 8, 16
5_22_08 6, 14, 2, 10, 3
2_30_12 6, 14
5_27_02 4, 12, 16, 8, 13
8_21_04 4, 12, 16, 8, 5, 13, 1, 9
6_2_14 8, 16, 4, 12, 5, 13
3_29_08 8, 16, 4
2_8_20 8, 16
1_1_20 11
4_25_16 11, 3, 7, 15
5_12_04 5, 13, 1, 9, 10
3_11_10 8, 16, 12
1_12_00 7
2_27_18 12, 4
2_26_14 6, 14
7_5_20 12, 4, 8, 16, 13, 5, 9
4_18_22 12, 4, 8, 16
1_5_18 11
5_8_14 9, 1, 5, 13, 14
7_15_16 12, 4, 8, 16, 1, 9, 13
8_20_12 7, 15, 3, 11, 8, 16, 4, 12
5_7_04 4, 12, 16, 8, 13
3_31_08 8, 16, 12
6_5_16 10, 2, 6, 14, 11, 3
1_5_04 4
3_28_08 3, 11, 7
6_9_00 3, 11, 15, 7, 4, 12
1_22_12 4
1_10_00 15
5_4_14 8, 16, 4, 12, 13
1_7_16 2
5_17_22 12, 4, 8, 16, 13
3_11_14 10, 2, 14
3_26_18 8, 16, 4
3_12_22 10, 2, 14
4_25_08 7, 15, 3, 11
8_11_20 13, 5, 9, 1, 14, 6, 10, 2
6_12_06 6, 14, 2, 10, 3, 11
8_18_16 9, 1, 5, 13, 10, 2, 6, 14
7_4_06 4, 12, 16, 8, 9, 1, 5
6_6_20 12, 4, 8, 16, 9, 1
1_30_16 8
5_9_04 5, 13, 1, 9, 6
2_31_04 6, 14
4_3_18 10, 2, 6, 14
7_20_04 3, 11, 15, 7, 8, 16, 4
4_21_04 4, 12, 16, 8
2_7_22 13, 5
1_31_08 16
7_19_20 11, 3, 7, 15, 4, 12, 16
6_30_00 4, 12, 16, 8, 13, 5
6_1_12 7, 15, 3, 11, 8, 16
3_30_08 4, 12, 16
2_29_08 8, 16
8_17_22 12, 4, 8, 16, 13, 5, 9, 1
7_12_10 8, 16, 4, 12, 13, 5, 9
6_26_18 12, 4, 8, 16, 9, 1
2_22_18 7, 15
4_3_16 9, 1, 5, 13
2_19_06 4, 12
1_1_10 6
4_31_18 13, 5, 9, 1
8_26_06 6, 14, 2, 10, 7, 15, 3, 11
6_12_08 7, 15, 3, 11, 4, 12
3_14_04 2, 10, 14
4_5_18 11, 3, 7, 15
3_31_20 14, 6, 2
4_28_02 4, 12, 16, 8
4_20_12 7, 15, 3, 11
3_29_02 5, 13, 1
2_5_12 8, 16
4_30_02 5, 13, 1, 9
8_7_18 11, 3, 7, 15, 12, 4, 8, 16
3_5_18 11, 3, 7
1_9_08 7
5_12_20 13, 5, 9, 1, 2
8_28_20 13, 5, 9, 1, 14, 6, 10, 2
3_12_04 1, 9, 5
5_16_06 7, 15, 3, 11, 8
1_8_12 12
7_7_04 4, 12, 16, 8, 13, 5, 9
5_4_16 9, 1, 5, 13, 14
1_21_06 5
2_1_06 4, 12
5_27_08 7, 15, 3, 11, 16
3_17_00 1, 9, 13
7_8_22 13, 5, 9, 1, 2, 10, 14
6_25_02 4, 12, 16, 8, 5, 13
8_25_22 14, 6, 10, 2, 15, 7, 11, 3
6_31_14 11, 3, 7, 15, 8, 16
8_21_02 3, 11, 15, 7, 4, 12, 16, 8
2_23_08 6, 14
8_5_22 13, 5, 9, 1, 14, 6, 10, 2
4_22_14 9, 1, 5, 13
4_27_02 4, 12, 16, 8
6_20_02 2, 10, 14, 6, 15, 7
1_20_14 12
5_28_06 6, 14, 2, 10, 11
5_10_12 9, 1, 5, 13, 6
7_20_22 12, 4, 8, 16, 1, 9, 13
2_24_12 4, 12
1_4_08 9
1_21_16 10
5_17_18 10, 2, 6, 14, 11
8_21_04 4, 12, 16, 8, 5, 13, 1, 9
2_15_08 8, 16
4_25_20 13, 5, 9, 1
8_2_06 4, 12, 16, 8, 5, 13, 1, 9
5_31_16 12, 4, 8, 16, 1
7_28_18 12, 4, 8, 16, 1, 9, 13
1_5_12 8
4_4_00 1, 9, 13, 5
4_10_04 5, 13, 1, 9
2_14_08 4, 12
6_6_14 9, 1, 5, 13, 6, 14
3_25_16 11, 3, 7
2_5_12 8, 16
7_28_08 7, 15, 3, 11, 12, 4, 8
7_6_02 3, 11, 15, 7, 16, 8, 12
1_14_10 5
1_2_04 15
2_4_14 4, 12
8_26_18 12, 4, 8, 16, 13, 5, 9, 1
5_17_02 2, 10, 14, 6, 3
2_12_06 2, 10
4_9_16 11, 3, 7, 15
8_13_06 7, 15, 3, 11, 4, 12, 16, 8
5_4_02 2, 10, 14, 6, 7
7_10_08 7, 15, 3, 11, 4, 12, 16
6_7_06 5, 13, 1, 9, 6, 14
6_17_00 1, 9, 13, 5, 2, 10
6_21_04 4, 12, 16, 8, 5, 13
1_3_16 1
7_6_14 9, 1, 5, 13, 6, 14, 2
7_9_08 7, 15, 3, 11, 8, 16, 4
7_14_08 8, 16, 4, 12, 1, 9, 13
4_27_16 11, 3, 7, 15
7_19_14 8, 16, 4, 12, 1, 9, 13
8_29_14 11, 3, 7, 15, 8, 16, 4, 12
1_4_12 11
1_22_06 1
2_21_16 10, 2
8_3_02 2, 10, 14, 6, 3, 11, 15, 7
1_25_12 9
2_26_04 1, 9
5_15_02 5, 13, 1, 9, 10
4_11_06 6, 14, 2, 10
4_13_22 15, 7, 11, 3
2_7_22 13, 5
3_14_10 5, 13, 1
1_12_16 15
5_1_04 3, 11, 15, 7, 4
5_7_14 9, 1, 5, 13, 2
6_3_12 7, 15, 3, 11, 8, 16
5_25_12 9, 1, 5, 13, 10
8_17_18 10, 2, 6, 14, 11, 3, 7, 15
1_27_02 12
8_3_02 2, 10, 14, 6, 3, 11, 15, 7
8_5_18 11, 3, 7, 15, 12, 4, 8, 16
8_24_08 6, 14, 2, 10, 7, 15, 3, 11
3_19_04 3, 11, 7
4_31_04 6, 14, 2, 10
6_1_16 9, 1, 5, 13, 10, 2
2_22_10 3, 11
7_12_08 7, 15, 3, 11, 12, 4, 8
8_13_02 5, 13, 1, 9, 2, 10, 14, 6
7_2_10 6, 14, 2, 10, 3, 11, 15
6_8_16 10, 2, 6, 14, 7, 15
8_22_02 3, 11, 15, 7, 4, 12, 16, 8
6_20_12 7, 15, 3, 11, 4, 12
8_31_00 4, 12, 16, 8, 1, 9, 13, 5
6_26_00 3, 11, 15, 7, 16, 8
6_7_00 2, 10, 14, 6, 3, 11
2_30_00 16, 8
3_11_04 5, 13, 9
4_2_22 12, 4, 8, 16
4_4_14 8, 16, 4, 12
3_18_18 6, 14, 2
4_26_22 14, 6, 10, 2
3_15_00 4,12, 8
4_30_20 14, 6, 10, 2
4_10_16 11, 3, 7, 15
1_25_08 7
1_6_16 6
3_21_02 3, 11, 15
1_22_12 4
4_18_08 5, 13, 1, 9
7_8_22 13, 5, 9, 1, 2, 10, 14
2_28_10 4, 12
5_7_12 8, 16, 4, 12, 1
8_28_14 10, 2, 6, 14, 11, 3, 7, 15
6_12_08 7, 15, 3, 11, 4, 12
7_12_02 4, 12, 16, 8, 9, 1, 5
6_1_02 2, 10, 14, 6, 3, 11
1_4_20 15
4_30_22 15, 7, 11, 3
5_29_18 13, 5, 9, 1, 10
6_1_04 3, 11, 15, 7, 4, 12
7_6_22 13, 5, 9, 1, 10, 2, 6
4_15_04 6, 14, 2, 10
4_19_02 2, 10, 14, 6
1_26_08 3
3_24_10 3, 11, 7
7_15_02 5, 13, 1, 9, 10, 2, 6
7_6_22 13, 5, 9, 1, 10, 2, 6
4_23_08 6, 14, 2, 10
2_10_00 15, 7
1_10_14 6
1_25_22 14
5_27_10 8, 16, 4, 12, 1
7_6_18 11, 3, 7, 15, 8, 16, 4
5_13_02 5, 13, 1, 9, 2
8_19_14 8, 16, 4, 12, 9, 1, 5, 13
1_27_16 3
3_22_12 4, 12, 16
6_1_00 1, 9, 13, 5, 2, 10
5_29_08 8, 16, 4, 12, 5
4_11_08 7, 15, 3, 11
2_6_22 9, 1
4_20_22 12, 4, 8, 16
2_10_02 16, 8
2_23_00 2, 10
2_29_22 15, 7
1_13_04 6
1_5_08 6
7_20_06 4, 12, 16, 8, 9, 1, 5
4_8_04 4, 12, 16, 8
1_9_10 8
2_10_18 8, 16
2_25_10 8, 16
3_28_22 10, 2, 14
1_12_04 9
5_18_22 12, 4, 8, 16, 9
4_30_08 8, 16, 4, 12
1_25_20 13
7_15_22 15, 7, 11, 3, 4, 12, 16
7_5_02 3, 11, 15, 7, 4, 12, 16
5_13_04 6, 14, 2, 10, 3
6_24_12 8, 16, 4, 12, 5, 13
7_22_12 8, 16, 4, 12, 5, 13, 1
7_22_00 2, 10, 14, 6, 15, 7, 11
4_1_02 2, 10, 14, 6
1_13_02 5
8_15_06 7, 15, 3, 11, 4, 12, 16, 8
7_7_16 10, 2, 6, 14, 3, 11, 15
8_26_22 14, 6, 10, 2, 15, 7, 11, 3
2_15_14 11, 3
5_7_04 4, 12, 16, 8, 13
8_11_18 12, 4, 8, 16, 13, 5, 9, 1
4_28_16 11, 3, 7, 15
7_7_02 3, 11, 15, 7, 12, 4, 8
3_5_14 9, 1, 5
6_11_14 10, 2, 6, 14, 11, 3
3_23_00 2, 10, 6
6_18_00 1, 9, 13, 5, 14, 6
8_22_02 3, 11, 15, 7, 4, 12, 16, 8
6_21_22 13, 5, 9, 1, 14, 6
3_13_22 15, 7, 11
8_9_04 5, 13, 1, 9, 6, 14, 2, 10
3_12_04 1, 9, 5
6_2_12 7, 15, 3, 11, 4, 12
4_21_00 2, 10, 14, 6
8_22_08 6, 14, 2, 10, 7, 15, 3, 11
4_28_16 11, 3, 7, 15
8_8_06 5, 13, 1, 9, 6, 14, 2, 10
8_13_00 4, 12, 16, 8, 1, 9, 13, 5
6_20_06 4, 12, 16, 8, 1, 9
1_20_02 6
3_15_02 5, 13, 9
4_31_08 8, 16, 12
4_25_00 3, 11, 15, 7
1_7_08 14
6_29_20 14, 6, 10, 2, 11, 3
4_29_12 10, 2, 6, 14
7_18_06 4, 12, 16, 8, 1, 9, 13
1_31_02 13
5_22_06 5, 13, 1, 9, 2
5_2_16 9, 1, 5, 13, 6
7_22_16 10, 2, 6, 14, 7, 15, 3
8_7_00 2, 10, 14, 6, 3, 11, 15, 7
3_13_14 11, 3, 7
4_29_06 7, 15, 3, 11
7_26_00 3, 11, 15, 7, 16, 8, 12
4_31_14 11, 3, 7, 15
1_15_18 5
6_14_00 4, 12, 16, 8, 13, 5
1_4_16 13
3_30_16 8, 16, 4
4_18_20 11, 3, 7, 15
4_20_14 8, 16, 4, 12
1_31_08 16
6_23_20 12, 4, 8, 16, 13, 5
4_5_22 13, 5, 9, 1
1_20_02 6
5_10_04 5, 13, 1, 9, 2
5_9_18 12, 4, 8, 16, 13
8_11_16 11, 3, 7, 15, 12, 4, 8, 16
2_6_18 7, 15
5_3_10 6, 14, 2, 10, 15
3_30_08 4, 12, 16
8_19_12 7, 15, 3, 11, 8, 16, 4, 12
4_26_10 8, 16, 4, 12
2_8_10 3, 11
3_7_12 8, 16, 12
7_5_02 3, 11, 15, 7, 4, 12, 16