1_24_18 15
6_17_10 6, 14, 2, 10, 7, 15
6_1_02 2, 10, 14, 6, 3, 11
8_25_06 6, 14, 2, 10, 7, 15, 3, 11
2_6_08 2, 10
7_14_08 8, 16, 4, 12, 1, 9, 13
4_13_12 10, 2, 6, 14
5_27_14 10, 2, 6, 14, 3
8_26_08 7, 15, 3, 11, 8, 16, 4, 12
7_25_00 3, 11, 15, 7, 4, 12, 16
2_15_12 10, 2
4_15_10 9, 1, 5, 13
3_29_00 4,12, 16
8_6_06 5, 13, 1, 9, 6, 14, 2, 10
7_4_10 6, 14, 2, 10, 11, 3, 7
4_12_18 12, 4, 8, 16
5_14_20 14, 6, 10, 2, 7
5_1_10 6, 14, 2, 10, 7
3_1_10 6, 14, 2
1_26_22 10
1_29_04 6
7_20_04 3, 11, 15, 7, 8, 16, 4
2_17_16 9, 1
2_17_00 1, 9
4_6_20 12, 4, 8, 16
8_1_00 1, 9, 13, 5, 2, 10, 14, 6
7_5_18 11, 3, 7, 15, 12, 4, 8
1_27_22 6
3_9_18 12, 4, 8
1_9_18 12
5_20_16 9, 1, 5, 13, 14
2_10_18 8, 16
8_10_08 7, 15, 3, 11, 8, 16, 4, 12
8_16_06 7, 15, 3, 11, 4, 12, 16, 8
5_3_04 3, 11, 15, 7, 12
3_30_12 6, 14, 2
5_24_22 13, 5, 9, 1, 2
6_30_10 9, 1, 5, 13, 2, 10
5_22_22 13, 5, 9, 1, 10
4_7_14 9, 1, 5, 13
6_27_00 3, 11, 15, 7, 4, 12
8_29_12 10, 2, 6, 14, 7, 15, 3, 11
2_22_12 4, 12
1_11_06 14
1_16_22 3
6_27_22 14, 6, 10, 2, 15, 7
5_17_06 4, 12, 16, 8, 5
1_27_16 3
7_6_10 7, 15, 3, 11, 4, 12, 16
6_1_20 11, 3, 7, 15, 12, 4
5_15_14 11, 3, 7, 15, 16
4_12_06 6, 14, 2, 10
5_18_20 11, 3, 7, 15, 8
2_20_06 16, 8
6_13_16 12, 4, 8, 16, 9, 1
5_8_12 8, 16, 4, 12, 13
6_10_20 13, 5, 9, 1, 10, 2
1_26_02 16
7_31_12 10, 2, 6, 14, 15, 7, 11
2_2_22 8, 16
2_15_12 10, 2
3_26_20 9, 1, 5
1_15_04 14
7_29_02 5, 13, 1, 9, 2, 10, 14
3_1_08 5, 13, 1
1_28_02 8
5_9_20 13, 5, 9, 1, 14
3_12_22 10, 2, 14
3_10_22 10, 2, 6
4_12_06 6, 14, 2, 10
7_7_16 10, 2, 6, 14, 3, 11, 15
7_7_00 2, 10, 14, 6, 11, 3, 7
8_1_10 6, 14, 2, 10, 7, 15, 3, 11
4_26_14 10, 2, 6, 14
3_29_08 8, 16, 4
7_4_16 9, 1, 5, 13, 14, 6, 10
1_16_22 3
4_9_16 11, 3, 7, 15
6_15_06 7, 15, 3, 11, 4, 12
4_17_02 2, 10, 14, 6
2_12_10 4, 12
3_28_08 3, 11, 7
8_5_14 9, 1, 5, 13, 10, 2, 6, 14
4_15_12 10, 2, 6, 14
1_7_00 10
7_8_08 6, 14, 2, 10, 11, 3, 7
1_17_16 9
7_12_08 7, 15, 3, 11, 12, 4, 8
1_28_20 1
7_13_02 5, 13, 1, 9, 2, 10, 14
5_4_10 6, 14, 2, 10, 11
3_30_20 10, 2, 6
7_10_12 9, 1, 5, 13, 6, 14, 2
2_15_20 14, 6
8_29_00 4, 12, 16, 8, 1, 9, 13, 5
2_25_10 8, 16
6_10_08 7, 15, 3, 11, 4, 12
1_2_18 6
7_20_12 7, 15, 3, 11, 12, 4, 8
5_19_14 8, 16, 4, 12, 1
6_17_06 4, 12, 16, 8, 5, 13
7_21_08 6, 14, 2, 10, 7, 15, 3
1_6_22 9
7_8_16 10, 2, 6, 14, 15, 7, 11
3_3_14 8, 16, 12
2_8_16 6, 14
2_22_08 2, 10
4_22_16 10, 2, 6, 14
7_30_12 10, 2, 6, 14, 3, 11, 15
6_14_12 10, 2, 6, 14, 3, 11
7_4_16 9, 1, 5, 13, 14, 6, 10
8_5_14 9, 1, 5, 13, 10, 2, 6, 14
1_23_18 3
6_31_22 15, 7, 11, 3, 12, 4
3_9_08 7, 15, 3
8_24_16 10, 2, 6, 14, 11, 3, 7, 15
7_16_16 12, 4, 8, 16, 13, 5, 9
8_12_14 10, 2, 6, 14, 11, 3, 7, 15
4_5_10 7, 15, 3, 11
8_10_16 11, 3, 7, 15, 12, 4, 8, 16
2_1_22 12, 4
3_21_08 6, 14, 2
1_31_04 14
2_10_20 9, 1
8_27_18 12, 4, 8, 16, 13, 5, 9, 1
7_30_02 5, 13, 1, 9, 14, 6, 10
3_13_04 6, 14, 2
1_11_14 2
3_4_14 4, 12, 8
6_29_00 4, 12, 16, 8, 1, 9
5_6_20 12, 4, 8, 16, 9
7_16_02 5, 13, 1, 9, 6, 14, 2
7_9_20 13, 5, 9, 1, 14, 6, 10
1_28_22 2
2_20_16 5, 13
8_9_08 7, 15, 3, 11, 8, 16, 4, 12
1_29_08 8
2_26_20 9, 1
7_4_16 9, 1, 5, 13, 14, 6, 10
5_13_12 10, 2, 6, 14, 7
8_9_20 13, 5, 9, 1, 14, 6, 10, 2
3_2_10 2, 10, 14
7_29_10 9, 1, 5, 13, 6, 14, 2
5_6_14 9, 1, 5, 13, 6
6_31_10 9, 1, 5, 13, 6, 14
4_2_14 8, 16, 4, 12
8_23_22 13, 5, 9, 1, 14, 6, 10, 2
4_2_20 11, 3, 7, 15
2_18_16 5, 13
4_31_12 10, 2, 6, 14
4_13_00 4,12, 16, 8
5_31_22 15, 7, 11, 3, 4
6_21_18 11, 3, 7, 15, 12, 4
2_26_00 15, 7
8_8_08 6, 14, 2, 10, 7, 15, 3, 11
5_24_02 3, 11, 15, 7, 8
3_29_16 12, 4, 8
6_13_08 8, 16, 4, 12, 5, 13
1_7_00 10
3_17_04 3, 11, 15
6_14_22 15, 7, 11, 3, 8, 16
1_31_08 16
1_26_14 6
1_25_10 8
8_9_06 6, 14, 2, 10, 7, 15, 3, 11
4_20_08 5, 13, 1, 9
6_21_18 11, 3, 7, 15, 12, 4
6_28_14 10, 2, 6, 14, 7, 15
7_11_02 4, 12, 16, 8, 13, 5, 9
4_9_20 13, 5, 9, 1
1_27_22 6
2_13_22 15, 7
4_19_02 2, 10, 14, 6
8_30_22 15, 7, 11, 3, 12, 4, 8, 16
6_10_10 8, 16, 4, 12, 5, 13
3_17_06 4, 12, 16
5_28_02 4, 12, 16, 8, 9
2_12_02 16, 8
8_26_12 9, 1, 5, 13, 10, 2, 6, 14
3_18_20 7, 15, 3
7_8_14 9, 1, 5, 13, 14, 6, 10
2_30_04 2, 10
1_11_12 1
5_17_08 5, 13, 1, 9, 6
8_14_04 6, 14, 2, 10, 3, 11, 15, 7
6_31_14 11, 3, 7, 15, 8, 16
2_12_14 6, 14
7_8_22 13, 5, 9, 1, 2, 10, 14
1_31_10 1
8_2_20 11, 3, 7, 15, 12, 4, 8, 16
4_6_00 2, 10, 14, 6
8_9_18 12, 4, 8, 16, 13, 5, 9, 1
6_26_14 10, 2, 6, 14, 7, 15
2_8_04 16, 8
1_4_08 9
5_22_08 6, 14, 2, 10, 3
3_18_14 4, 12, 16
2_31_06 7, 15
4_20_06 4, 12, 16, 8
1_13_00 4
1_1_18 10
2_18_18 6, 14
2_19_16 9, 1
7_30_08 8, 16, 4, 12, 1, 9, 13
3_5_12 8, 16, 4
5_27_18 12, 4, 8, 16, 5
8_8_06 5, 13, 1, 9, 6, 14, 2, 10
2_21_06 5, 13
1_11_12 1
4_28_04 5, 13, 1, 9
8_15_12 10, 2, 6, 14, 7, 15, 3, 11
7_21_12 8, 16, 4, 12, 9, 1, 5
8_2_20 11, 3, 7, 15, 12, 4, 8, 16
7_21_22 13, 5, 9, 1, 14, 6, 10
3_23_08 6, 14, 10
7_20_20 11, 3, 7, 15, 16, 8, 12
7_12_18 12, 4, 8, 16, 1, 9, 13
6_2_00 1, 9, 13, 5, 14, 6
6_19_14 8, 16, 4, 12, 9, 1
4_21_12 8, 16, 4, 12
1_2_04 15
4_20_12 7, 15, 3, 11
8_8_10 7, 15, 3, 11, 8, 16, 4, 12
1_23_04 12
2_7_20 12, 4
7_9_00 3, 11, 15, 7, 4, 12, 16
7_5_18 11, 3, 7, 15, 12, 4, 8
1_6_10 3
2_7_02 3, 11
5_10_22 14, 6, 10, 2, 11
8_18_02 2, 10, 14, 6, 3, 11, 15, 7
8_4_22 12, 4, 8, 16, 13, 5, 9, 1
4_15_12 10, 2, 6, 14
1_25_00 3
3_17_14 8, 16, 4
1_11_22 6
5_20_18 10, 2, 6, 14, 15
1_10_18 8
1_18_02 14
3_19_14 8, 16, 12
2_26_00 15, 7
7_21_10 7, 15, 3, 11, 8, 16, 4
2_20_16 5, 13
2_10_00 15, 7
1_22_10 3
8_18_08 5, 13, 1, 9, 6, 14, 2, 10
4_20_12 7, 15, 3, 11
7_18_18 10, 2, 6, 14, 7, 15, 3
2_25_18 12, 4
8_9_00 3, 11, 15, 7, 4, 12, 16, 8
3_2_16 5, 13, 1
4_2_06 4, 12, 16, 8
8_14_12 10, 2, 6, 14, 7, 15, 3, 11
8_31_04 6, 14, 2, 10, 3, 11, 15, 7
3_23_08 6, 14, 10
4_18_00 1, 9, 13, 5
6_18_00 1, 9, 13, 5, 14, 6
8_27_04 5, 13, 1, 9, 6, 14, 2, 10
3_15_00 4,12, 8
1_20_00 5
7_15_10 9, 1, 5, 13, 14, 6, 10
4_24_16 10, 2, 6, 14
3_21_10 7, 15, 3
6_11_02 4, 12, 16, 8, 5, 13
3_12_16 7, 15, 11
2_7_04 4, 12
4_12_18 12, 4, 8, 16
1_25_00 3
7_18_02 2, 10, 14, 6, 15, 7, 11
1_12_14 14
1_14_16 8
6_24_16 10, 2, 6, 14, 7, 15
2_19_20 11, 3
5_23_04 4, 12, 16, 8, 13
4_29_00 4,12, 16, 8
3_5_04 4, 12, 16
3_26_02 16, 8, 12
1_3_08 13
3_14_04 2, 10, 14
7_5_10 7, 15, 3, 11, 8, 16, 4
2_27_18 12, 4
2_4_18 6, 14
1_23_20 4
3_23_12 8, 16, 12
6_13_04 6, 14, 2, 10, 3, 11
1_24_14 13
2_4_18 6, 14
8_18_04 3, 11, 15, 7, 4, 12, 16, 8
1_2_02 14
8_25_22 14, 6, 10, 2, 15, 7, 11, 3
1_2_22 8
7_24_02 3, 11, 15, 7, 8, 16, 4
3_6_22 9, 1, 5
1_20_18 14
7_7_04 4, 12, 16, 8, 13, 5, 9
4_19_06 4, 12, 16, 8
6_24_10 7, 15, 3, 11, 4, 12
6_1_06 4, 12, 16, 8, 5, 13
1_6_12 4
5_26_02 4, 12, 16, 8, 1
4_18_00 1, 9, 13, 5
4_7_00 2, 10, 14, 6
6_14_08 8, 16, 4, 12, 1, 9
8_24_10 7, 15, 3, 11, 8, 16, 4, 12
7_27_06 6, 14, 2, 10, 15, 7, 11
8_9_08 7, 15, 3, 11, 8, 16, 4, 12
4_14_02 5, 13, 1, 9
8_13_16 12, 4, 8, 16, 9, 1, 5, 13
1_21_08 6
5_8_22 13, 5, 9, 1, 2
4_26_14 10, 2, 6, 14
4_16_20 14, 6, 10, 2
7_23_12 8, 16, 4, 12, 1, 9, 13
2_23_10 7, 15
2_9_00 3, 11
6_27_08 7, 15, 3, 11, 8, 16
6_20_00 1, 9, 13, 5, 14, 6
1_25_04 5
7_27_04 5, 13, 1, 9, 14, 6, 10
5_25_06 6, 14, 2, 10, 7
8_20_06 4, 12, 16, 8, 5, 13, 1, 9
5_8_22 13, 5, 9, 1, 2
6_26_16 11, 3, 7, 15, 8, 16
3_14_12 6, 14, 2
5_2_00 1, 9, 13, 5, 14
5_4_02 2, 10, 14, 6, 7
5_13_20 14, 6, 10, 2, 11
5_7_14 9, 1, 5, 13, 2
6_4_22 12, 4, 8, 16, 9, 1
4_11_00 3, 11, 15, 7
7_21_12 8, 16, 4, 12, 9, 1, 5
5_3_12 7, 15, 3, 11, 16
5_10_12 9, 1, 5, 13, 6
5_14_00 4, 12, 16, 8, 13
8_15_16 12, 4, 8, 16, 9, 1, 5, 13
8_27_10 8, 16, 4, 12, 9, 1, 5, 13
2_17_04 3, 11
5_25_18 12, 4, 8, 16, 13
4_21_22 13, 5, 9, 1
6_4_10 6, 14, 2, 10, 3, 11
8_5_22 13, 5, 9, 1, 14, 6, 10, 2
8_1_06 4, 12, 16, 8, 5, 13, 1, 9
7_13_14 11, 3, 7, 15, 8, 16, 4
6_16_12 10, 2, 6, 14, 3, 11
6_29_12 10, 2, 6, 14, 7, 15
3_8_12 4, 12, 8
7_4_20 11, 3, 7, 15, 16, 8, 12
7_12_10 8, 16, 4, 12, 13, 5, 9
4_7_14 9, 1, 5, 13
6_29_18 13, 5, 9, 1, 10, 2
4_30_10 9, 1, 5, 13
2_11_18 12, 4
6_26_22 14, 6, 10, 2, 11, 3
2_7_22 13, 5
7_27_16 11, 3, 7, 15, 4, 12, 16
6_16_22 15, 7, 11, 3, 8, 16
4_10_18 12, 4, 8, 16
4_20_18 10, 2, 6, 14
7_7_18 11, 3, 7, 15, 4, 12, 16
2_17_10 6, 14
6_14_18 13, 5, 9, 1, 6, 14
5_1_22 12, 4, 8, 16, 13
2_15_14 11, 3
2_21_00 2, 10
4_4_18 10, 2, 6, 14
3_11_22 14, 6, 2
8_4_02 2, 10, 14, 6, 3, 11, 15, 7
3_10_16 7, 15, 3
2_1_12 7, 15
5_13_16 12, 4, 8, 16, 9
8_7_02 3, 11, 15, 7, 4, 12, 16, 8
7_21_22 13, 5, 9, 1, 14, 6, 10
4_5_16 10, 2, 6, 14
7_27_14 10, 2, 6, 14, 3, 11, 15
1_23_10 15
2_24_08 2, 10
1_23_08 14
8_24_10 7, 15, 3, 11, 8, 16, 4, 12
6_13_14 11, 3, 7, 15, 8, 16
2_12_06 2, 10
6_23_06 5, 13, 1, 9, 6, 14
4_17_00 1, 9, 13, 5
5_23_12 8, 16, 4, 12, 1
6_11_08 7, 15, 3, 11, 8, 16
7_10_18 12, 4, 8, 16, 9, 1, 5
7_3_10 6, 14, 2, 10, 15, 7, 11
5_11_12 9, 1, 5, 13, 2
4_3_20 11, 3, 7, 15
3_8_10 3, 11, 7
3_10_10 4, 12, 16
2_8_18 7, 15
4_7_22 13, 5, 9, 1
7_11_22 14, 6, 10, 2, 7, 15, 3
4_23_00 2, 10, 14, 6
7_1_02 2, 10, 14, 6, 3, 11, 15
1_9_08 7
4_22_06 5, 13, 1, 9
5_23_02 3, 11, 15, 7, 12
4_19_20 11, 3, 7, 15
6_28_18 12, 4, 8, 16, 9, 1
8_5_10 7, 15, 3, 11, 8, 16, 4, 12
4_19_10 6, 14, 2, 10
7_30_22 15, 7, 11, 3, 8, 16, 4
3_17_06 4, 12, 16
5_28_00 3, 11, 15, 7, 8
8_26_04 5, 13, 1, 9, 6, 14, 2, 10
8_19_00 1, 9, 13, 5, 2, 10, 14, 6
7_11_00 3, 11, 15, 7, 12, 4, 8
8_30_14 11, 3, 7, 15, 8, 16, 4, 12
6_27_00 3, 11, 15, 7, 4, 12
7_30_20 14, 6, 10, 2, 7, 15, 3
1_5_22 13
1_1_18 10
4_16_02 5, 13, 1, 9
1_28_16 15
1_6_02 15
5_15_00 4, 12, 16, 8, 9
2_20_10 2, 10
8_4_22 12, 4, 8, 16, 13, 5, 9, 1
8_8_06 5, 13, 1, 9, 6, 14, 2, 10
7_5_06 5, 13, 1, 9, 6, 14, 2
8_7_12 8, 16, 4, 12, 9, 1, 5, 13
1_19_20 3
5_28_22 14, 6, 10, 2, 3
4_27_20 13, 5, 9, 1
8_22_10 7, 15, 3, 11, 8, 16, 4, 12
6_30_12 10, 2, 6, 14, 3, 11
8_28_20 13, 5, 9, 1, 14, 6, 10, 2
3_28_10 4, 12, 8
5_26_00 3, 11, 15, 7, 16
2_12_08 3, 11
1_17_12 7
8_24_16 10, 2, 6, 14, 11, 3, 7, 15
1_7_02 11
2_27_22 14, 6
4_28_00 3, 11, 15, 7
7_8_02 3, 11, 15, 7, 8, 16, 4
1_13_14 11
5_16_08 8, 16, 4, 12, 9
3_18_02 14, 6, 10
7_22_00 2, 10, 14, 6, 15, 7, 11
6_27_22 14, 6, 10, 2, 15, 7
4_25_04 5, 13, 1, 9
5_27_04 5, 13, 1, 9, 14
8_30_10 9, 1, 5, 13, 6, 14, 2, 10
2_9_02 4, 12
6_30_04 6, 14, 2, 10, 15, 7
8_12_08 7, 15, 3, 11, 8, 16, 4, 12
2_19_04 3, 11
3_28_00 15, 7, 3
2_12_06 2, 10
8_16_06 7, 15, 3, 11, 4, 12, 16, 8
1_24_04 8
4_6_10 7, 15, 3, 11
6_28_04 5, 13, 1, 9, 2, 10
5_25_14 10, 2, 6, 14, 11
3_17_18 10, 2, 6
3_15_04 6, 14, 10
2_19_12 7, 15
3_14_08 4, 12, 16
2_4_22 8, 16
8_21_00 2, 10, 14, 6, 3, 11, 15, 7
2_28_06 2, 10
8_4_06 4, 12, 16, 8, 5, 13, 1, 9
6_10_12 9, 1, 5, 13, 6, 14
6_20_16 9, 1, 5, 13, 6, 14
7_19_12 7, 15, 3, 11, 16, 8, 12
5_23_02 3, 11, 15, 7, 12
4_2_12 7, 15, 3, 11
1_7_04 12
5_13_18 13, 5, 9, 1, 10
2_22_00 14, 6
2_3_12 7, 15
4_2_02 2, 10, 14, 6
7_21_00 2, 10, 14, 6, 3, 11, 15
3_8_14 5, 13, 9
1_19_14 16
8_8_06 5, 13, 1, 9, 6, 14, 2, 10
8_22_04 4, 12, 16, 8, 5, 13, 1, 9
1_14_06 3
4_28_10 8, 16, 4, 12
7_29_12 10, 2, 6, 14, 7, 15, 3
8_10_20 13, 5, 9, 1, 14, 6, 10, 2
4_21_10 7, 15, 3, 11
6_12_12 9, 1, 5, 13, 6, 14
8_23_10 7, 15, 3, 11, 8, 16, 4, 12
3_30_20 10, 2, 6
2_28_06 2, 10
5_6_20 12, 4, 8, 16, 9
1_2_22 8
4_1_06 4, 12, 16, 8
7_2_12 7, 15, 3, 11, 4, 12, 16
5_16_14 11, 3, 7, 15, 12
1_9_06 6
7_4_08 5, 13, 1, 9, 10, 2, 6
5_18_06 4, 12, 16, 8, 1
8_25_22 14, 6, 10, 2, 15, 7, 11, 3
7_28_06 6, 14, 2, 10, 11, 3, 7
5_7_20 12, 4, 8, 16, 5
3_14_12 6, 14, 2
4_18_04 3, 11, 15, 7
4_1_10 6, 14, 2, 10
1_19_06 12
4_16_14 11, 3, 7, 15
5_19_08 5, 13, 1, 9, 14
7_2_12 7, 15, 3, 11, 4, 12, 16
6_31_00 4, 12, 16, 8, 1, 9
4_14_00 4,12, 16, 8
5_22_14 9, 1, 5, 13, 6
3_12_04 1, 9, 5
5_7_22 13, 5, 9, 1, 6
5_13_16 12, 4, 8, 16, 9
1_28_10 12
3_12_18 8, 16, 12
8_10_08 7, 15, 3, 11, 8, 16, 4, 12
3_8_06 1, 9, 5
2_15_04 6, 14
5_6_06 5, 13, 1, 9, 2
7_25_12 9, 1, 5, 13, 10, 2, 6
1_26_14 6
3_24_22 9, 1, 13
8_18_06 4, 12, 16, 8, 5, 13, 1, 9
6_16_18 13, 5, 9, 1, 6, 14
2_12_18 8, 16
7_6_14 9, 1, 5, 13, 6, 14, 2
6_10_04 5, 13, 1, 9, 2, 10
5_23_02 3, 11, 15, 7, 12
4_13_18 13, 5, 9, 1
2_2_04 15, 7
3_17_18 10, 2, 6
2_30_04 2, 10
5_15_20 14, 6, 10, 2, 3
6_26_12 9, 1, 5, 13, 6, 14
3_14_20 10, 2, 6
7_8_00 2, 10, 14, 6, 7, 15, 3
2_19_00 1, 9
8_15_16 12, 4, 8, 16, 9, 1, 5, 13
5_17_04 3, 11, 15, 7, 4
7_1_22 12, 4, 8, 16, 13, 5, 9
5_26_12 9, 1, 5, 13, 6
4_27_18 12, 4, 8, 16
6_23_16 10, 2, 6, 14, 11, 3
8_26_20 13, 5, 9, 1, 14, 6, 10, 2
5_4_10 6, 14, 2, 10, 11
3_12_16 7, 15, 11
3_5_14 9, 1, 5
5_9_04 5, 13, 1, 9, 6
4_12_02 4, 12, 16, 8
6_4_20 11, 3, 7, 15, 8, 16
7_9_10 8, 16, 4, 12, 9, 1, 5
8_13_22 15, 7, 11, 3, 12, 4, 8, 16
7_19_06 4, 12, 16, 8, 13, 5, 9
8_10_16 11, 3, 7, 15, 12, 4, 8, 16
3_23_06 5, 13, 9
3_31_16 12, 4, 16
4_16_16 12, 4, 8, 16
3_4_02 14, 6, 2
1_27_14 2
5_19_12 7, 15, 3, 11, 16
1_23_08 14
6_5_16 10, 2, 6, 14, 11, 3
2_31_04 6, 14
5_13_22 15, 7, 11, 3, 12
3_24_06 1, 9, 5
5_26_14 10, 2, 6, 14, 7
4_5_02 3, 11, 15, 7
4_1_02 2, 10, 14, 6
4_13_08 8, 16, 4, 12
3_9_06 6, 14, 2
2_22_00 14, 6
8_18_22 12, 4, 8, 16, 13, 5, 9, 1
8_19_06 4, 12, 16, 8, 5, 13, 1, 9
7_2_08 5, 13, 1, 9, 2, 10, 14
7_31_12 10, 2, 6, 14, 15, 7, 11
7_20_04 3, 11, 15, 7, 8, 16, 4
3_3_08 5, 13, 9
7_17_20 11, 3, 7, 15, 12, 4, 8
4_31_12 10, 2, 6, 14
7_11_22 14, 6, 10, 2, 7, 15, 3
8_15_14 11, 3, 7, 15, 8, 16, 4, 12
6_3_14 8, 16, 4, 12, 9, 1
4_12_12 9, 1, 5, 13
3_10_22 10, 2, 6
4_21_00 2, 10, 14, 6
2_29_14 11, 3
8_28_14 10, 2, 6, 14, 11, 3, 7, 15
6_16_10 9, 1, 5, 13, 2, 10
4_19_08 5, 13, 1, 9
6_19_08 5, 13, 1, 9, 6, 14
3_15_14 11, 3, 15
1_5_00 2
1_7_06 13
7_31_12 10, 2, 6, 14, 15, 7, 11
6_9_18 12, 4, 8, 16, 13, 5
4_22_00 2, 10, 14, 6
7_29_20 14, 6, 10, 2, 11, 3, 7
7_4_04 3, 11, 15, 7, 8, 16, 4
1_4_10 10
6_29_18 13, 5, 9, 1, 10, 2
6_8_08 6, 14, 2, 10, 3, 11
4_5_16 10, 2, 6, 14
3_31_14 11, 3, 15
7_15_10 9, 1, 5, 13, 14, 6, 10
6_3_06 4, 12, 16, 8, 5, 13
6_12_16 11, 3, 7, 15, 8, 16
1_16_20 2
1_31_06 15
1_7_06 13
3_18_02 14, 6, 10
1_14_10 5
7_28_04 5, 13, 1, 9, 10, 2, 6
8_15_20 14, 6, 10, 2, 11, 3, 7, 15
3_25_08 7, 15, 3
7_14_02 5, 13, 1, 9, 14, 6, 10
6_31_06 7, 15, 3, 11, 4, 12
6_5_00 2, 10, 14, 6, 3, 11
4_27_18 12, 4, 8, 16
1_9_20 13
5_31_00 4, 12, 16, 8, 9
2_21_04 4, 12
6_19_22 12, 4, 8, 16, 13, 5
7_30_14 11, 3, 7, 15, 4, 12, 16
1_31_16 4
6_5_14 9, 1, 5, 13, 10, 2
6_12_16 11, 3, 7, 15, 8, 16
2_30_06 3, 11
8_7_04 4, 12, 16, 8, 5, 13, 1, 9
7_25_10 8, 16, 4, 12, 9, 1, 5
3_2_10 2, 10, 14
2_17_06 4, 12
6_19_02 2, 10, 14, 6, 3, 11
3_9_22 14, 6, 10
7_10_04 5, 13, 1, 9, 2, 10, 14
1_13_22 15
6_31_08 8, 16, 4, 12, 5, 13
3_20_14 4, 12, 8
3_8_00 14, 6, 2
6_22_06 5, 13, 1, 9, 2, 10
6_31_08 8, 16, 4, 12, 5, 13
8_20_00 1, 9, 13, 5, 2, 10, 14, 6
3_19_08 5, 13, 9
7_4_14 8, 16, 4, 12, 13, 5, 9
7_18_00 1, 9, 13, 5, 14, 6, 10
4_17_06 4, 12, 16, 8
2_18_00 13, 5
7_17_16 9, 1, 5, 13, 10, 2, 6
2_30_18 9, 1
3_19_14 8, 16, 12
1_4_04 7
4_1_10 6, 14, 2, 10
1_2_00 13
6_29_20 14, 6, 10, 2, 11, 3
1_20_00 5
7_28_02 4, 12, 16, 8, 9, 1, 5
4_2_18 10, 2, 6, 14
8_1_16 9, 1, 5, 13, 10, 2, 6, 14
5_28_20 13, 5, 9, 1, 2
1_12_06 10
2_29_16 12, 4
8_2_18 10, 2, 6, 14, 11, 3, 7, 15
1_4_08 9
8_31_06 7, 15, 3, 11, 4, 12, 16, 8
3_24_18 7, 15, 11
3_20_08 1, 9, 5
5_25_10 8, 16, 4, 12, 9
5_8_16 10, 2, 6, 14, 15
5_17_10 6, 14, 2, 10, 7
4_11_16 11, 3, 7, 15
1_19_12 15
7_20_02 2, 10, 14, 6, 7, 15, 3
2_7_18 11, 3
6_3_00 1, 9, 13, 5, 2, 10
5_1_20 11, 3, 7, 15, 12
7_22_02 3, 11, 15, 7, 16, 8, 12
2_6_20 8, 16
8_18_06 4, 12, 16, 8, 5, 13, 1, 9
6_2_18 10, 2, 6, 14, 7, 15
2_23_14 9, 1
6_4_18 10, 2, 6, 14, 7, 15
2_15_20 14, 6
4_8_22 13, 5, 9, 1
5_7_10 7, 15, 3, 11, 16
7_27_02 4, 12, 16, 8, 13, 5, 9
5_1_16 9, 1, 5, 13, 10
1_31_18 5
8_3_14 8, 16, 4, 12, 9, 1, 5, 13
6_31_08 8, 16, 4, 12, 5, 13
6_21_00 2, 10, 14, 6, 3, 11
4_21_04 4, 12, 16, 8
1_21_22 13
2_1_02 2, 10
1_21_10 7
8_23_02 3, 11, 15, 7, 4, 12, 16, 8
3_18_10 2, 10, 14
1_1_12 7
7_22_18 11, 3, 7, 15, 8, 16, 4
5_21_22 13, 5, 9, 1, 14
5_1_02 2, 10, 14, 6, 3
5_26_04 5, 13, 1, 9, 2
3_22_04 16, 8, 12
5_24_22 13, 5, 9, 1, 2
5_28_06 6, 14, 2, 10, 11
7_10_04 5, 13, 1, 9, 2, 10, 14
5_29_12 10, 2, 6, 14, 7
1_21_10 7
4_21_06 5, 13, 1, 9
1_3_18 2
7_28_20 13, 5, 9, 1, 2, 10, 14
8_28_08 7, 15, 3, 11, 8, 16, 4, 12
1_11_14 2
3_3_00 1, 9, 5
1_12_16 15
4_9_02 4, 12, 16, 8
1_12_10 12
8_9_02 4, 12, 16, 8, 5, 13, 1, 9
1_23_10 15
6_8_12 8, 16, 4, 12, 5, 13
1_19_12 15
5_24_00 2, 10, 14, 6, 7
7_9_16 11, 3, 7, 15, 12, 4, 8
1_2_04 15
7_13_04 6, 14, 2, 10, 3, 11, 15
2_27_20 13, 5
7_28_12 9, 1, 5, 13, 14, 6, 10
5_11_08 7, 15, 3, 11, 16
7_21_06 5, 13, 1, 9, 6, 14, 2
4_29_04 6, 14, 2, 10
5_19_16 9, 1, 5, 13, 2
1_7_20 4
8_19_02 2, 10, 14, 6, 3, 11, 15, 7
8_24_16 10, 2, 6, 14, 11, 3, 7, 15
7_29_02 5, 13, 1, 9, 2, 10, 14
6_20_00 1, 9, 13, 5, 14, 6
1_10_20 9
4_24_20 12, 4, 8, 16
3_21_22 13, 5, 9
1_17_04 3
2_7_22 13, 5
7_18_22 12, 4, 8, 16, 9, 1, 5
2_28_04 1, 9
4_1_04 3, 11, 15, 7
1_19_22 4
5_27_22 14, 6, 10, 2, 7
5_1_04 3, 11, 15, 7, 4
2_30_04 2, 10
5_1_12 7, 15, 3, 11, 8
7_3_10 6, 14, 2, 10, 15, 7, 11
6_10_12 9, 1, 5, 13, 6, 14
5_29_22 15, 7, 11, 3, 12
4_1_12 7, 15, 3, 11
8_11_06 6, 14, 2, 10, 7, 15, 3, 11
7_1_20 11, 3, 7, 15, 12, 4, 8
8_5_14 9, 1, 5, 13, 10, 2, 6, 14
5_15_18 13, 5, 9, 1, 2
4_10_02 4, 12, 16, 8
1_30_00 16
5_12_12 9, 1, 5, 13, 14
2_10_18 8, 16
7_8_02 3, 11, 15, 7, 8, 16, 4
7_19_20 11, 3, 7, 15, 4, 12, 16
7_9_22 14, 6, 10, 2, 15, 7, 11
7_12_06 6, 14, 2, 10, 11, 3, 7
6_14_14 11, 3, 7, 15, 4, 12
6_15_00 4, 12, 16, 8, 1, 9
5_29_02 5, 13, 1, 9, 2
8_28_20 13, 5, 9, 1, 14, 6, 10, 2
1_14_22 11
6_12_08 7, 15, 3, 11, 4, 12
7_17_12 7, 15, 3, 11, 8, 16, 4
5_19_04 3, 11, 15, 7, 12
3_6_20 8, 16, 4
7_23_00 2, 10, 14, 6, 11, 3, 7
2_2_00 13, 5
4_23_00 2, 10, 14, 6
4_9_20 13, 5, 9, 1
8_8_04 4, 12, 16, 8, 5, 13, 1, 9
7_5_16 10, 2, 6, 14, 11, 3, 7
8_18_00 1, 9, 13, 5, 2, 10, 14, 6
6_12_20 13, 5, 9, 1, 10, 2
5_1_22 12, 4, 8, 16, 13
7_8_04 4, 12, 16, 8, 9, 1, 5
1_23_00 10
6_24_04 4, 12, 16, 8, 1, 9
4_17_18 10, 2, 6, 14
4_24_20 12, 4, 8, 16
8_20_22 12, 4, 8, 16, 13, 5, 9, 1
5_15_14 11, 3, 7, 15, 16
5_11_06 6, 14, 2, 10, 15
1_2_08 1
8_7_16 10, 2, 6, 14, 11, 3, 7, 15
7_9_02 4, 12, 16, 8, 5, 13, 1
4_16_22 15, 7, 11, 3
7_27_20 13, 5, 9, 1, 6, 14, 2
6_7_04 4, 12, 16, 8, 5, 13
1_31_00 12
3_6_04 16, 8, 12
5_12_14 10, 2, 6, 14, 15
3_6_00 14, 6, 10
7_3_00 1, 9, 13, 5, 10, 2, 6
1_31_12 2
6_10_22 14, 6, 10, 2, 11, 3
1_24_06 9
3_27_08 7, 15, 11
4_14_00 4,12, 16, 8
6_11_02 4, 12, 16, 8, 5, 13
3_5_10 7, 15, 3
4_29_14 11, 3, 7, 15
7_14_04 6, 14, 2, 10, 15, 7, 11
1_1_12 7
2_26_02 16, 8
3_27_20 13, 5, 1
6_10_04 5, 13, 1, 9, 2, 10
2_31_16 12, 4
6_30_08 8, 16, 4, 12, 1, 9
3_10_06 2, 10, 14
1_30_16 8
5_27_12 9, 1, 5, 13, 2
6_24_12 8, 16, 4, 12, 5, 13
3_27_00 3, 11, 7
1_26_18 8
7_6_20 12, 4, 8, 16, 9, 1, 5
1_25_00 3
3_10_20 9, 1, 5
3_9_10 8, 16, 4
3_30_16 8, 16, 4
3_17_16 9, 1, 5
7_23_10 7, 15, 3, 11, 16, 8, 12
1_5_04 4
6_1_14 8, 16, 4, 12, 9, 1
5_22_14 9, 1, 5, 13, 6
7_13_02 5, 13, 1, 9, 2, 10, 14
4_27_10 8, 16, 4, 12
6_11_02 4, 12, 16, 8, 5, 13
4_20_04 3, 11, 15, 7
2_28_02 16, 8
3_9_02 4, 12, 16
3_13_10 9, 1, 5
7_19_10 6, 14, 2, 10, 15, 7, 11
8_25_12 9, 1, 5, 13, 10, 2, 6, 14
5_23_06 5, 13, 1, 9, 14
4_15_18 13, 5, 9, 1
3_14_22 11, 3, 7
2_28_10 4, 12
5_17_02 2, 10, 14, 6, 3
8_24_18 11, 3, 7, 15, 12, 4, 8, 16
4_6_12 8, 16, 4, 12
7_2_06 4, 12, 16, 8, 1, 9, 13
7_6_18 11, 3, 7, 15, 8, 16, 4
5_30_04 6, 14, 2, 10, 15
6_5_00 2, 10, 14, 6, 3, 11
3_16_00 16, 8, 4
7_12_20 13, 5, 9, 1, 2, 10, 14
1_8_22 1
2_21_14 9, 1
2_9_08 7, 15
6_3_04 3, 11, 15, 7, 4, 12
7_15_16 12, 4, 8, 16, 1, 9, 13
8_1_02 2, 10, 14, 6, 3, 11, 15, 7
5_5_22 13, 5, 9, 1, 14
2_10_12 5, 13
6_19_10 6, 14, 2, 10, 7, 15
2_23_06 5, 13
5_16_18 13, 5, 9, 1, 14
7_18_20 11, 3, 7, 15, 8, 16, 4
1_22_02 15
7_1_12 7, 15, 3, 11, 8, 16, 4
5_27_20 13, 5, 9, 1, 6
8_30_22 15, 7, 11, 3, 12, 4, 8, 16
3_18_06 16, 8, 12
6_22_04 4, 12, 16, 8, 1, 9
5_3_10 6, 14, 2, 10, 15
3_7_04 4, 12, 8
5_19_00 1, 9, 13, 5, 10
7_8_06 5, 13, 1, 9, 10, 2, 6
1_22_16 6
7_7_12 8, 16, 4, 12, 1, 9, 13
4_30_10 9, 1, 5, 13
2_12_02 16, 8
1_3_02 10
8_27_10 8, 16, 4, 12, 9, 1, 5, 13
8_6_00 2, 10, 14, 6, 3, 11, 15, 7
3_25_02 4, 12, 16
5_26_20 13, 5, 9, 1, 10
5_7_02 3, 11, 15, 7, 12
6_28_16 11, 3, 7, 15, 8, 16
4_9_00 3, 11, 15, 7
8_5_18 11, 3, 7, 15, 12, 4, 8, 16
7_23_02 3, 11, 15, 7, 12, 4, 8
3_28_14 6, 14, 10
1_13_00 4
7_31_06 7, 15, 3, 11, 12, 4, 8