2_15_10 9, 1
7_29_08 8, 16, 4, 12, 5, 13, 1
6_23_16 10, 2, 6, 14, 11, 3
3_10_04 1, 9, 13
7_27_14 10, 2, 6, 14, 3, 11, 15
1_4_16 13
6_20_04 3, 11, 15, 7, 16, 8
1_5_02 3
5_29_12 10, 2, 6, 14, 7
7_30_00 4, 12, 16, 8, 13, 5, 9
6_10_10 8, 16, 4, 12, 5, 13
8_10_14 10, 2, 6, 14, 11, 3, 7, 15
2_13_02 5, 13
3_23_20 12, 4, 16
7_31_22 15, 7, 11, 3, 4, 12, 16
2_11_04 5, 13
8_14_02 5, 13, 1, 9, 2, 10, 14, 6
3_10_02 16, 8, 12
1_16_06 11
2_6_14 5, 13
4_17_10 6, 14, 2, 10
7_25_16 11, 3, 7, 15, 12, 4, 8
2_27_12 9, 1
5_28_04 5, 13, 1, 9, 10
5_9_08 7, 15, 3, 11, 8
1_1_16 9
1_25_04 5
2_10_22 10, 2
8_17_02 2, 10, 14, 6, 3, 11, 15, 7
7_24_12 8, 16, 4, 12, 13, 5, 9
2_30_18 9, 1
3_17_08 5, 13, 1
2_4_20 7, 15
5_2_12 7, 15, 3, 11, 4
3_17_10 6, 14, 2
4_1_12 7, 15, 3, 11
3_16_08 4, 12, 8
3_25_12 9, 1, 5
6_17_10 6, 14, 2, 10, 7, 15
4_22_12 8, 16, 4, 12
7_23_08 6, 14, 2, 10, 15, 7, 11
4_16_14 11, 3, 7, 15
4_12_20 13, 5, 9, 1
3_19_04 3, 11, 7
8_9_02 4, 12, 16, 8, 5, 13, 1, 9
8_2_04 3, 11, 15, 7, 4, 12, 16, 8
8_25_14 10, 2, 6, 14, 11, 3, 7, 15
1_26_20 9
4_24_04 4, 12, 16, 8
6_14_04 6, 14, 2, 10, 15, 7
2_29_20 14, 6
6_19_10 6, 14, 2, 10, 7, 15
6_26_20 13, 5, 9, 1, 10, 2
4_22_12 8, 16, 4, 12
1_13_06 7
3_27_02 4, 12, 8
3_23_12 8, 16, 12
7_27_14 10, 2, 6, 14, 3, 11, 15
7_11_12 9, 1, 5, 13, 2, 10, 14
8_26_00 3, 11, 15, 7, 4, 12, 16, 8
3_29_16 12, 4, 8
3_14_14 7, 15, 3
8_29_10 9, 1, 5, 13, 6, 14, 2, 10
8_23_20 12, 4, 8, 16, 13, 5, 9, 1
1_26_10 4
8_5_16 10, 2, 6, 14, 11, 3, 7, 15
2_19_02 2, 10
2_26_10 4, 12
6_22_18 11, 3, 7, 15, 8, 16
1_16_14 15
8_4_06 4, 12, 16, 8, 5, 13, 1, 9
2_16_22 11, 3
1_29_22 15
3_11_02 4, 12, 8
5_15_12 10, 2, 6, 14, 15
2_27_08 7, 15
6_18_18 10, 2, 6, 14, 7, 15
5_21_02 3, 11, 15, 7, 4
4_14_16 12, 4, 8, 16
6_17_02 2, 10, 14, 6, 3, 11
3_26_10 4, 12, 16
6_27_12 9, 1, 5, 13, 10, 2
8_17_02 2, 10, 14, 6, 3, 11, 15, 7
7_24_04 4, 12, 16, 8, 9, 1, 5
5_30_16 12, 4, 8, 16, 5
1_30_10 5
1_15_22 7
1_11_20 5
7_17_08 5, 13, 1, 9, 6, 14, 2
4_5_02 3, 11, 15, 7
5_11_02 4, 12, 16, 8, 13
7_16_20 14, 6, 10, 2, 15, 7, 11
7_4_16 9, 1, 5, 13, 14, 6, 10
8_1_10 6, 14, 2, 10, 7, 15, 3, 11
6_1_20 11, 3, 7, 15, 12, 4
6_12_06 6, 14, 2, 10, 3, 11
6_12_20 13, 5, 9, 1, 10, 2
2_17_08 5, 13
2_20_20 7, 15
5_27_06 6, 14, 2, 10, 15
8_22_08 6, 14, 2, 10, 7, 15, 3, 11
4_21_16 10, 2, 6, 14
8_3_04 3, 11, 15, 7, 4, 12, 16, 8
7_24_08 6, 14, 2, 10, 11, 3, 7
1_5_08 6
4_25_06 6, 14, 2, 10
2_27_12 9, 1
5_2_16 9, 1, 5, 13, 6
7_5_22 13, 5, 9, 1, 14, 6, 10
5_22_14 9, 1, 5, 13, 6
2_23_06 5, 13
8_19_12 7, 15, 3, 11, 8, 16, 4, 12
3_28_18 8, 16, 12
7_24_08 6, 14, 2, 10, 11, 3, 7
2_17_00 1, 9
5_3_14 8, 16, 4, 12, 1
2_19_16 9, 1
8_23_16 10, 2, 6, 14, 11, 3, 7, 15
2_29_10 9, 1
2_30_06 3, 11
7_25_18 12, 4, 8, 16, 13, 5, 9
8_31_10 9, 1, 5, 13, 6, 14, 2, 10
7_3_04 3, 11, 15, 7, 12, 4, 8
7_21_14 9, 1, 5, 13, 10, 2, 6
5_24_12 8, 16, 4, 12, 13
1_21_22 13
6_29_08 8, 16, 4, 12, 5, 13
7_11_04 5, 13, 1, 9, 14, 6, 10
6_19_18 10, 2, 6, 14, 11, 3
5_31_00 4, 12, 16, 8, 9
8_30_08 8, 16, 4, 12, 5, 13, 1, 9
4_20_22 12, 4, 8, 16
2_6_08 2, 10
3_1_02 2, 10, 14
4_9_16 11, 3, 7, 15
6_30_02 5, 13, 1, 9, 14, 6
7_1_08 5, 13, 1, 9, 6, 14, 2
8_6_04 4, 12, 16, 8, 5, 13, 1, 9
8_25_10 8, 16, 4, 12, 9, 1, 5, 13
4_20_18 10, 2, 6, 14
4_8_06 5, 13, 1, 9
3_28_22 10, 2, 14
2_14_22 11, 3
4_14_14 11, 3, 7, 15
6_18_20 11, 3, 7, 15, 8, 16
1_20_04 7
6_22_08 6, 14, 2, 10, 3, 11
7_4_10 6, 14, 2, 10, 11, 3, 7
6_28_06 6, 14, 2, 10, 3, 11
2_12_04 1, 9
4_16_18 13, 5, 9, 1
7_17_18 10, 2, 6, 14, 11, 3, 7
5_12_16 11, 3, 7, 15, 16
2_29_04 6, 14
5_8_10 7, 15, 3, 11, 12
2_30_04 2, 10
1_17_10 6
4_1_02 2, 10, 14, 6
2_18_06 16, 8
2_22_10 3, 11
5_22_06 5, 13, 1, 9, 2
3_10_16 7, 15, 3
4_25_12 9, 1, 5, 13
7_25_08 7, 15, 3, 11, 8, 16, 4
2_17_04 3, 11
1_7_18 3
8_15_06 7, 15, 3, 11, 4, 12, 16, 8
4_5_02 3, 11, 15, 7
2_22_06 1, 9
6_5_12 8, 16, 4, 12, 9, 1
7_31_00 4, 12, 16, 8, 9, 1, 5
5_30_16 12, 4, 8, 16, 5
3_28_20 9, 1, 13
1_8_16 14
3_6_06 1, 9, 13
8_25_20 13, 5, 9, 1, 14, 6, 10, 2
6_23_22 13, 5, 9, 1, 14, 6
6_16_14 11, 3, 7, 15, 4, 12
7_9_20 13, 5, 9, 1, 14, 6, 10
2_14_10 5, 13
6_21_12 8, 16, 4, 12, 9, 1
3_13_14 11, 3, 7
3_8_18 7, 15, 11
2_14_22 11, 3
6_16_16 12, 4, 8, 16, 5, 13
6_10_20 13, 5, 9, 1, 10, 2
4_28_10 8, 16, 4, 12
4_12_10 8, 16, 4, 12
8_18_22 12, 4, 8, 16, 13, 5, 9, 1
6_17_22 12, 4, 8, 16, 13, 5
7_31_08 8, 16, 4, 12, 13, 5, 9
1_11_02 12
3_26_02 16, 8, 12
4_23_12 8, 16, 4, 12
5_31_18 13, 5, 9, 1, 2
7_20_08 5, 13, 1, 9, 10, 2, 6
8_22_18 11, 3, 7, 15, 12, 4, 8, 16
4_2_14 8, 16, 4, 12
5_29_00 4, 12, 16, 8, 1
1_9_18 12
3_4_02 14, 6, 2
8_23_12 8, 16, 4, 12, 9, 1, 5, 13
2_8_18 7, 15
7_19_20 11, 3, 7, 15, 4, 12, 16
1_1_22 12
6_17_02 2, 10, 14, 6, 3, 11
4_10_04 5, 13, 1, 9
2_15_06 7, 15
5_25_04 5, 13, 1, 9, 6
7_11_06 6, 14, 2, 10, 15, 7, 11
5_29_04 6, 14, 2, 10, 3
6_22_02 3, 11, 15, 7, 16, 8
5_7_10 7, 15, 3, 11, 16
2_16_06 3, 11
3_1_02 2, 10, 14
7_1_06 4, 12, 16, 8, 5, 13, 1
3_27_10 8, 16, 12
6_28_14 10, 2, 6, 14, 7, 15
2_12_22 10, 2
1_19_20 3
2_13_02 5, 13
4_3_18 10, 2, 6, 14
3_16_22 11, 3, 15
4_9_06 6, 14, 2, 10
8_5_22 13, 5, 9, 1, 14, 6, 10, 2
5_28_00 3, 11, 15, 7, 8
3_18_14 4, 12, 16
2_30_18 9, 1
7_13_00 4, 12, 16, 8, 1, 9, 13
4_20_08 5, 13, 1, 9
2_19_08 5, 13
4_8_00 2, 10, 14, 6
1_18_02 14
5_5_20 12, 4, 8, 16, 13
2_31_12 10, 2
6_25_02 4, 12, 16, 8, 5, 13
3_28_14 6, 14, 10
6_1_10 6, 14, 2, 10, 7, 15
8_16_16 12, 4, 8, 16, 9, 1, 5, 13
1_28_14 14
4_27_04 5, 13, 1, 9
6_10_18 12, 4, 8, 16, 9, 1
6_1_00 1, 9, 13, 5, 2, 10
4_21_22 13, 5, 9, 1
8_19_18 10, 2, 6, 14, 11, 3, 7, 15
6_25_12 9, 1, 5, 13, 10, 2
6_10_22 14, 6, 10, 2, 11, 3
3_2_02 14, 6, 10
2_14_18 9, 1
1_18_10 2
5_13_06 7, 15, 3, 11, 4
3_26_08 3, 11, 15
1_25_00 3
2_3_08 5, 13
8_22_02 3, 11, 15, 7, 4, 12, 16, 8
1_22_02 15
3_24_10 3, 11, 7
7_22_20 12, 4, 8, 16, 9, 1, 5
6_14_20 14, 6, 10, 2, 7, 15
3_12_14 6, 14, 10
3_12_00 15, 7, 3
7_12_22 14, 6, 10, 2, 3, 11, 15
7_13_02 5, 13, 1, 9, 2, 10, 14
1_30_20 10
7_21_06 5, 13, 1, 9, 6, 14, 2
7_23_14 9, 1, 5, 13, 2, 10, 14
8_13_20 14, 6, 10, 2, 11, 3, 7, 15
2_18_20 7, 15
1_5_10 7
8_14_00 4, 12, 16, 8, 1, 9, 13, 5
2_17_12 7, 15
6_1_04 3, 11, 15, 7, 4, 12
8_13_22 15, 7, 11, 3, 12, 4, 8, 16
4_4_06 4, 12, 16, 8
4_2_14 8, 16, 4, 12
2_1_00 1, 9
8_11_00 3, 11, 15, 7, 4, 12, 16, 8
5_14_16 12, 4, 8, 16, 5
8_30_06 7, 15, 3, 11, 4, 12, 16, 8
6_3_04 3, 11, 15, 7, 4, 12
8_25_16 11, 3, 7, 15, 12, 4, 8, 16
8_26_14 10, 2, 6, 14, 11, 3, 7, 15
6_5_00 2, 10, 14, 6, 3, 11
7_23_18 11, 3, 7, 15, 4, 12, 16
2_8_06 1, 9
1_14_10 5
7_13_00 4, 12, 16, 8, 1, 9, 13
6_14_22 15, 7, 11, 3, 8, 16
4_8_06 5, 13, 1, 9
8_25_22 14, 6, 10, 2, 15, 7, 11, 3
5_15_16 12, 4, 8, 16, 1
3_30_04 2, 10, 14
7_27_08 7, 15, 3, 11, 16, 8, 12
8_23_04 4, 12, 16, 8, 5, 13, 1, 9
2_11_04 5, 13
8_31_16 12, 4, 8, 16, 9, 1, 5, 13
8_8_22 13, 5, 9, 1, 14, 6, 10, 2
7_22_00 2, 10, 14, 6, 15, 7, 11
6_10_00 3, 11, 15, 7, 16, 8
5_1_02 2, 10, 14, 6, 3
4_27_08 7, 15, 3, 11
7_3_10 6, 14, 2, 10, 15, 7, 11
6_14_20 14, 6, 10, 2, 7, 15
7_19_10 6, 14, 2, 10, 15, 7, 11
7_15_08 8, 16, 4, 12, 13, 5, 9
4_31_12 10, 2, 6, 14
8_17_20 11, 3, 7, 15, 12, 4, 8, 16
6_4_20 11, 3, 7, 15, 8, 16
7_10_22 14, 6, 10, 2, 11, 3, 7
4_16_02 5, 13, 1, 9
3_31_14 11, 3, 15
4_24_00 2, 10, 14, 6
6_24_02 3, 11, 15, 7, 16, 8
2_21_12 8, 16
2_4_20 7, 15
4_24_08 6, 14, 2, 10
2_15_02 5, 13
1_16_14 15
3_14_02 1, 9, 13
5_3_14 8, 16, 4, 12, 1
7_25_20 13, 5, 9, 1, 14, 6, 10
1_31_02 13
6_28_16 11, 3, 7, 15, 8, 16
5_11_12 9, 1, 5, 13, 2
6_11_16 11, 3, 7, 15, 12, 4
7_18_08 5, 13, 1, 9, 2, 10, 14
4_7_12 8, 16, 4, 12
1_26_18 8
3_11_02 4, 12, 8
3_3_06 4, 12, 8
3_10_16 7, 15, 3
6_27_06 6, 14, 2, 10, 7, 15
6_13_14 11, 3, 7, 15, 8, 16
8_31_22 15, 7, 11, 3, 12, 4, 8, 16
1_4_02 6
4_31_02 5, 13, 1, 9
1_14_04 2
6_26_06 6, 14, 2, 10, 3, 11
6_24_10 7, 15, 3, 11, 4, 12
2_10_18 8, 16
8_18_16 9, 1, 5, 13, 10, 2, 6, 14
7_27_04 5, 13, 1, 9, 14, 6, 10
4_16_00 4,12, 16, 8
7_17_12 7, 15, 3, 11, 8, 16, 4
6_22_12 8, 16, 4, 12, 5, 13
1_16_00 8
7_29_18 13, 5, 9, 1, 10, 2, 6
2_11_14 10, 2
6_19_04 3, 11, 15, 7, 4, 12
4_20_22 12, 4, 8, 16
7_15_02 5, 13, 1, 9, 10, 2, 6
3_22_18 7, 15, 3
2_23_12 8, 16
8_3_04 3, 11, 15, 7, 4, 12, 16, 8
2_29_04 6, 14
1_8_12 12
8_26_08 7, 15, 3, 11, 8, 16, 4, 12
7_3_02 2, 10, 14, 6, 11, 3, 7
7_10_00 3, 11, 15, 7, 16, 8, 12
5_20_20 11, 3, 7, 15, 16
7_2_02 2, 10, 14, 6, 15, 7, 11
8_25_20 13, 5, 9, 1, 14, 6, 10, 2
8_8_22 13, 5, 9, 1, 14, 6, 10, 2
7_7_14 9, 1, 5, 13, 2, 10, 14
5_21_04 4, 12, 16, 8, 5
2_28_06 2, 10
1_7_20 4
3_5_18 11, 3, 7
5_3_18 10, 2, 6, 14, 3
5_31_18 13, 5, 9, 1, 2
2_14_20 10, 2
8_19_10 6, 14, 2, 10, 7, 15, 3, 11
2_30_02 1, 9
3_23_18 11, 3, 15
4_31_16 12, 4, 8, 16
5_8_18 11, 3, 7, 15, 16
3_11_06 6, 14, 10
5_29_18 13, 5, 9, 1, 10
6_13_14 11, 3, 7, 15, 8, 16
4_29_00 4,12, 16, 8
1_27_10 16
6_17_10 6, 14, 2, 10, 7, 15
4_28_18 12, 4, 8, 16
5_4_10 6, 14, 2, 10, 11
7_22_02 3, 11, 15, 7, 16, 8, 12
1_3_14 16
5_13_04 6, 14, 2, 10, 3
4_7_04 4, 12, 16, 8
7_9_10 8, 16, 4, 12, 9, 1, 5
8_3_12 7, 15, 3, 11, 8, 16, 4, 12
1_27_10 16
4_21_20 12, 4, 8, 16
3_21_22 13, 5, 9
3_4_18 6, 14, 10
8_21_20 12, 4, 8, 16, 13, 5, 9, 1
2_21_14 9, 1
4_11_06 6, 14, 2, 10
6_21_22 13, 5, 9, 1, 14, 6
3_30_20 10, 2, 6
7_31_16 12, 4, 8, 16, 1, 9, 13
8_10_02 4, 12, 16, 8, 5, 13, 1, 9
3_27_08 7, 15, 11
4_11_00 3, 11, 15, 7
8_26_00 3, 11, 15, 7, 4, 12, 16, 8
7_21_14 9, 1, 5, 13, 10, 2, 6
1_12_06 10
8_27_00 3, 11, 15, 7, 4, 12, 16, 8
1_13_12 10
7_3_22 12, 4, 8, 16, 5, 13, 1
3_26_06 2, 10, 14
5_28_02 4, 12, 16, 8, 9
1_10_22 10
1_7_20 4
1_13_00 4
7_21_12 8, 16, 4, 12, 9, 1, 5
3_29_12 10, 2, 6
5_31_02 5, 13, 1, 9, 10
2_27_14 10, 2
1_4_14 12
7_10_06 6, 14, 2, 10, 3, 11, 15
3_6_10 3, 11, 15
4_19_06 4, 12, 16, 8
6_8_16 10, 2, 6, 14, 7, 15
1_20_00 5
3_15_20 14, 6, 2
8_8_00 2, 10, 14, 6, 3, 11, 15, 7
8_24_22 13, 5, 9, 1, 14, 6, 10, 2
2_14_14 7, 15
8_7_16 10, 2, 6, 14, 11, 3, 7, 15
6_12_06 6, 14, 2, 10, 3, 11
3_30_02 1, 9, 13
3_25_08 7, 15, 3
3_26_04 1, 9, 13
1_10_12 5
1_8_06 9
8_18_06 4, 12, 16, 8, 5, 13, 1, 9
8_14_14 11, 3, 7, 15, 8, 16, 4, 12
4_6_06 5, 13, 1, 9
5_13_12 10, 2, 6, 14, 7
4_11_12 9, 1, 5, 13
1_19_06 12
4_28_06 6, 14, 2, 10
1_10_14 6
5_27_22 14, 6, 10, 2, 7
6_20_12 7, 15, 3, 11, 4, 12
3_31_12 10, 2, 14
7_15_22 15, 7, 11, 3, 4, 12, 16
7_24_08 6, 14, 2, 10, 11, 3, 7
7_14_16 12, 4, 8, 16, 5, 13, 1
5_31_22 15, 7, 11, 3, 4
7_16_14 11, 3, 7, 15, 12, 4, 8
2_29_10 9, 1
4_11_00 3, 11, 15, 7
4_31_02 5, 13, 1, 9
1_8_18 15
1_26_18 8
6_14_18 13, 5, 9, 1, 6, 14
7_10_08 7, 15, 3, 11, 4, 12, 16
4_23_18 11, 3, 7, 15
1_28_16 15
3_20_06 16, 8, 4
6_29_22 15, 7, 11, 3, 12, 4
5_19_10 6, 14, 2, 10, 15
5_31_02 5, 13, 1, 9, 10
6_25_02 4, 12, 16, 8, 5, 13
1_15_08 16
8_13_16 12, 4, 8, 16, 9, 1, 5, 13
3_25_14 10, 2, 6
3_10_22 10, 2, 6
2_21_20 12, 4
5_18_06 4, 12, 16, 8, 1
4_7_12 8, 16, 4, 12
8_13_18 13, 5, 9, 1, 10, 2, 6, 14
6_2_14 8, 16, 4, 12, 5, 13
5_25_20 13, 5, 9, 1, 14
5_18_08 5, 13, 1, 9, 2
4_5_04 4, 12, 16, 8
4_12_10 8, 16, 4, 12
7_30_00 4, 12, 16, 8, 13, 5, 9
7_8_06 5, 13, 1, 9, 10, 2, 6
5_14_20 14, 6, 10, 2, 7
1_29_12 10
1_25_16 11
7_8_22 13, 5, 9, 1, 2, 10, 14
8_16_14 11, 3, 7, 15, 8, 16, 4, 12
1_10_04 1
6_26_20 13, 5, 9, 1, 10, 2
7_11_22 14, 6, 10, 2, 7, 15, 3
8_16_08 8, 16, 4, 12, 5, 13, 1, 9
1_12_16 15
2_8_20 8, 16
6_18_18 10, 2, 6, 14, 7, 15
2_31_12 10, 2
2_1_00 1, 9
2_1_00 1, 9
5_26_14 10, 2, 6, 14, 7
3_21_16 10, 2, 6
8_22_10 7, 15, 3, 11, 8, 16, 4, 12
5_5_16 10, 2, 6, 14, 11
2_27_10 8, 16
2_29_20 14, 6
3_15_02 5, 13, 9
6_20_04 3, 11, 15, 7, 16, 8
1_19_10 14
8_2_18 10, 2, 6, 14, 11, 3, 7, 15
3_24_14 5, 13, 9
3_13_02 5, 13, 1
2_10_02 16, 8
5_23_22 13, 5, 9, 1, 6
1_28_22 2
2_29_00 4,12
6_27_22 14, 6, 10, 2, 15, 7
8_29_22 15, 7, 11, 3, 12, 4, 8, 16
4_24_10 7, 15, 3, 11
5_25_04 5, 13, 1, 9, 6
3_7_06 5, 13, 9
7_15_04 6, 14, 2, 10, 11, 3, 7
4_4_18 10, 2, 6, 14
1_9_12 9
5_31_04 6, 14, 2, 10, 11
4_29_04 6, 14, 2, 10
8_19_16 9, 1, 5, 13, 10, 2, 6, 14
8_19_10 6, 14, 2, 10, 7, 15, 3, 11
3_26_16 7, 15, 3
8_3_22 12, 4, 8, 16, 13, 5, 9, 1
5_13_12 10, 2, 6, 14, 7
2_21_14 9, 1
5_23_04 4, 12, 16, 8, 13
5_7_04 4, 12, 16, 8, 13
7_23_12 8, 16, 4, 12, 1, 9, 13
4_28_02 4, 12, 16, 8
8_14_00 4, 12, 16, 8, 1, 9, 13, 5
2_23_10 7, 15
1_28_20 1
2_16_12 6, 14
3_15_00 4,12, 8
4_27_22 14, 6, 10, 2
8_8_18 11, 3, 7, 15, 12, 4, 8, 16
1_12_00 7
5_25_10 8, 16, 4, 12, 9
4_13_16 12, 4, 8, 16
8_8_00 2, 10, 14, 6, 3, 11, 15, 7
6_12_06 6, 14, 2, 10, 3, 11
8_4_16 9, 1, 5, 13, 10, 2, 6, 14
4_13_14 11, 3, 7, 15
8_15_02 5, 13, 1, 9, 2, 10, 14, 6
8_29_18 13, 5, 9, 1, 10, 2, 6, 14
8_26_08 7, 15, 3, 11, 8, 16, 4, 12
7_5_06 5, 13, 1, 9, 6, 14, 2
2_25_10 8, 16
7_15_12 10, 2, 6, 14, 15, 7, 11
3_18_18 6, 14, 2
7_12_18 12, 4, 8, 16, 1, 9, 13
3_28_18 8, 16, 12
4_31_22 15, 7, 11, 3
7_17_06 4, 12, 16, 8, 5, 13, 1
7_20_02 2, 10, 14, 6, 7, 15, 3
1_4_12 11
5_26_14 10, 2, 6, 14, 7
6_1_14 8, 16, 4, 12, 9, 1
2_27_04 5, 13
3_6_22 9, 1, 5
4_15_22 15, 7, 11, 3
2_31_00 4,12
1_10_14 6
2_10_16 7, 15
3_19_18 10, 2, 14
1_24_22 1
8_27_20 13, 5, 9, 1, 14, 6, 10, 2
5_3_02 2, 10, 14, 6, 11
1_23_02 11
7_30_08 8, 16, 4, 12, 1, 9, 13
6_1_18 10, 2, 6, 14, 11, 3
8_10_02 4, 12, 16, 8, 5, 13, 1, 9
8_5_00 2, 10, 14, 6, 3, 11, 15, 7
3_13_16 12, 4, 8
3_31_08 8, 16, 12
3_6_10 3, 11, 15
1_5_22 13
3_4_18 6, 14, 10
2_3_08 5, 13
1_29_22 15
2_20_02 14, 6
1_16_06 11
1_15_14 3
1_14_14 7
2_31_10 9, 1
6_10_10 8, 16, 4, 12, 5, 13
7_28_06 6, 14, 2, 10, 11, 3, 7
8_11_22 14, 6, 10, 2, 15, 7, 11, 3
5_31_22 15, 7, 11, 3, 4
7_8_22 13, 5, 9, 1, 2, 10, 14
7_6_18 11, 3, 7, 15, 8, 16, 4
5_14_18 13, 5, 9, 1, 6
5_10_10 8, 16, 4, 12, 5
1_15_12 2
7_1_04 3, 11, 15, 7, 4, 12, 16
7_13_16 12, 4, 8, 16, 9, 1, 5
6_31_10 9, 1, 5, 13, 6, 14
5_19_18 10, 2, 6, 14, 3
6_31_20 14, 6, 10, 2, 11, 3
3_29_02 5, 13, 1
2_23_18 11, 3
6_29_22 15, 7, 11, 3, 12, 4
7_20_12 7, 15, 3, 11, 12, 4, 8
1_1_12 7
8_31_18 13, 5, 9, 1, 10, 2, 6, 14
6_12_04 5, 13, 1, 9, 2, 10
7_9_20 13, 5, 9, 1, 14, 6, 10
2_19_18 10, 2
7_18_20 11, 3, 7, 15, 8, 16, 4
8_19_20 11, 3, 7, 15, 12, 4, 8, 16
3_31_02 5, 13, 9
1_19_06 12
7_17_12 7, 15, 3, 11, 8, 16, 4
5_30_22 15, 7, 11, 3, 8
2_3_10 6, 14
7_28_12 9, 1, 5, 13, 14, 6, 10
5_14_00 4, 12, 16, 8, 13
8_28_20 13, 5, 9, 1, 14, 6, 10, 2
1_16_04 10
8_6_16 10, 2, 6, 14, 11, 3, 7, 15
8_15_08 8, 16, 4, 12, 5, 13, 1, 9
5_29_00 4, 12, 16, 8, 1
7_28_12 9, 1, 5, 13, 14, 6, 10
4_8_00 2, 10, 14, 6
7_21_18 11, 3, 7, 15, 12, 4, 8
2_9_20 13, 5
3_13_04 6, 14, 2
4_14_18 13, 5, 9, 1
8_31_16 12, 4, 8, 16, 9, 1, 5, 13
5_30_10 9, 1, 5, 13, 2
4_20_18 10, 2, 6, 14
4_9_20 13, 5, 9, 1
7_21_08 6, 14, 2, 10, 7, 15, 3
3_30_20 10, 2, 6
6_7_12 8, 16, 4, 12, 9, 1
4_2_04 3, 11, 15, 7
1_28_16 15
1_12_10 12
5_1_04 3, 11, 15, 7, 4
2_27_02 4, 12
4_9_04 5, 13, 1, 9
8_27_10 8, 16, 4, 12, 9, 1, 5, 13
2_21_22 13, 5
5_20_16 9, 1, 5, 13, 14
7_2_08 5, 13, 1, 9, 2, 10, 14
8_3_20 11, 3, 7, 15, 12, 4, 8, 16
7_22_22 13, 5, 9, 1, 10, 2, 6
8_4_02 2, 10, 14, 6, 3, 11, 15, 7
2_19_00 1, 9
4_15_04 6, 14, 2, 10
4_29_20 14, 6, 10, 2
5_10_16 11, 3, 7, 15, 8
2_20_10 2, 10
6_10_00 3, 11, 15, 7, 16, 8
5_9_14 10, 2, 6, 14, 11
2_18_10 2, 10
3_30_16 8, 16, 4
2_26_20 9, 1
6_28_16 11, 3, 7, 15, 8, 16
7_22_12 8, 16, 4, 12, 5, 13, 1
2_12_08 3, 11
7_24_16 10, 2, 6, 14, 15, 7, 11
7_31_04 6, 14, 2, 10, 11, 3, 7
7_12_08 7, 15, 3, 11, 12, 4, 8
7_3_04 3, 11, 15, 7, 12, 4, 8
4_3_04 3, 11, 15, 7
8_1_20 11, 3, 7, 15, 12, 4, 8, 16
1_29_10 9
2_31_22 15, 7
6_29_04 6, 14, 2, 10, 3, 11
6_22_16 10, 2, 6, 14, 7, 15
1_6_22 9
1_11_12 1
2_23_14 9, 1
4_13_20 14, 6, 10, 2
5_11_00 3, 11, 15, 7, 12
1_23_06 13
4_7_18 11, 3, 7, 15
7_4_08 5, 13, 1, 9, 10, 2, 6
1_24_20 16
3_13_00 4,12, 16
5_13_16 12, 4, 8, 16, 9
8_11_12 9, 1, 5, 13, 10, 2, 6, 14
6_24_00 2, 10, 14, 6, 15, 7
1_27_20 5
3_12_10 4, 12, 8
5_16_02 5, 13, 1, 9, 6
5_4_06 4, 12, 16, 8, 9
4_2_14 8, 16, 4, 12
5_11_14 10, 2, 6, 14, 3
6_15_04 6, 14, 2, 10, 3, 11
1_2_08 1
2_21_18 11, 3
2_15_10 9, 1
4_13_10 9, 1, 5, 13
2_10_04 1, 9
2_24_02 15, 7
3_21_20 12, 4, 8
1_2_06 16
5_5_06 5, 13, 1, 9, 6
1_24_22 1
8_8_14 9, 1, 5, 13, 10, 2, 6, 14
6_2_06 4, 12, 16, 8, 1, 9
7_8_18 11, 3, 7, 15, 16, 8, 12
8_10_12 9, 1, 5, 13, 10, 2, 6, 14
6_7_02 3, 11, 15, 7, 4, 12
5_25_06 6, 14, 2, 10, 7
8_3_02 2, 10, 14, 6, 3, 11, 15, 7
6_11_00 3, 11, 15, 7, 4, 12
4_16_02 5, 13, 1, 9
3_3_02 2, 10, 6
7_15_16 12, 4, 8, 16, 1, 9, 13
7_20_16 9, 1, 5, 13, 14, 6, 10
1_25_06 6
6_17_16 9, 1, 5, 13, 10, 2
6_5_10 7, 15, 3, 11, 8, 16
6_14_08 8, 16, 4, 12, 1, 9
6_10_04 5, 13, 1, 9, 2, 10
1_23_10 15
5_18_20 11, 3, 7, 15, 8
2_18_08 1, 9
2_1_10 6, 14
1_9_10 8
5_3_04 3, 11, 15, 7, 12
4_7_20 12, 4, 8, 16
8_26_00 3, 11, 15, 7, 4, 12, 16, 8
6_22_04 4, 12, 16, 8, 1, 9
4_1_12 7, 15, 3, 11
3_20_14 4, 12, 8
5_24_08 6, 14, 2, 10, 11
3_24_20 8, 16, 12
1_15_14 3
6_28_06 6, 14, 2, 10, 3, 11
6_20_02 2, 10, 14, 6, 15, 7
2_9_16 11, 3
3_13_12 10, 2, 6
3_14_18 9, 1, 5
5_29_06 7, 15, 3, 11, 4
2_14_20 10, 2
7_19_04 3, 11, 15, 7, 12, 4, 8
1_4_08 9
3_23_04 4, 12, 8
5_6_00 2, 10, 14, 6, 15
4_11_20 13, 5, 9, 1
2_13_10 9, 1
5_4_18 10, 2, 6, 14, 15
8_3_08 5, 13, 1, 9, 6, 14, 2, 10
1_28_16 15
4_8_04 4, 12, 16, 8
2_15_06 7, 15
2_23_04 4, 12
3_2_00 13, 5, 9
3_24_18 7, 15, 11
5_1_08 5, 13, 1, 9, 6
8_6_14 9, 1, 5, 13, 10, 2, 6, 14
7_6_00 2, 10, 14, 6, 15, 7, 11
7_23_14 9, 1, 5, 13, 2, 10, 14
8_19_00 1, 9, 13, 5, 2, 10, 14, 6
1_14_12 6
4_16_08 8, 16, 4, 12
7_3_02 2, 10, 14, 6, 11, 3, 7
8_3_08 5, 13, 1, 9, 6, 14, 2, 10
1_6_00 14
5_6_02 3, 11, 15, 7, 16
1_1_22 12
2_24_00 14, 6
5_4_08 5, 13, 1, 9, 10
6_11_16 11, 3, 7, 15, 12, 4
2_31_22 15, 7
1_10_08 3
5_24_02 3, 11, 15, 7, 8
7_19_14 8, 16, 4, 12, 1, 9, 13
1_22_12 4
3_4_12 3, 11, 7
6_30_06 7, 15, 3, 11, 16, 8
1_15_02 13
4_1_16 9, 1, 5, 13
7_10_22 14, 6, 10, 2, 11, 3, 7
7_6_12 8, 16, 4, 12, 5, 13, 1
2_25_10 8, 16
7_30_06 7, 15, 3, 11, 16, 8, 12
4_25_06 6, 14, 2, 10
7_7_22 13, 5, 9, 1, 6, 14, 2
3_4_18 6, 14, 10
4_31_00 4,12, 16, 8
7_22_10 7, 15, 3, 11, 4, 12, 16
1_10_22 10
4_16_10 9, 1, 5, 13
5_16_22 15, 7, 11, 3, 16
1_17_16 9
3_13_16 12, 4, 8
7_23_06 5, 13, 1, 9, 14, 6, 10
7_31_02 5, 13, 1, 9, 10, 2, 6
6_14_08 8, 16, 4, 12, 1, 9
3_24_06 1, 9, 5
5_17_04 3, 11, 15, 7, 4
2_13_18 13, 5
5_27_08 7, 15, 3, 11, 16
3_1_14 8, 16, 4
4_22_16 10, 2, 6, 14
6_20_06 4, 12, 16, 8, 1, 9
6_29_20 14, 6, 10, 2, 11, 3
5_23_12 8, 16, 4, 12, 1
8_4_16 9, 1, 5, 13, 10, 2, 6, 14
7_2_04 3, 11, 15, 7, 16, 8, 12
1_29_14 11
6_8_20 12, 4, 8, 16, 9, 1
8_24_14 9, 1, 5, 13, 10, 2, 6, 14
6_25_10 8, 16, 4, 12, 9, 1
2_11_16 11, 3
2_2_02 14, 6
2_31_08 8, 16
2_27_16 11, 3
8_2_16 9, 1, 5, 13, 10, 2, 6, 14
8_12_22 14, 6, 10, 2, 15, 7, 11, 3
6_14_00 4, 12, 16, 8, 13, 5
3_30_20 10, 2, 6
7_14_04 6, 14, 2, 10, 15, 7, 11
8_7_18 11, 3, 7, 15, 12, 4, 8, 16
5_28_06 6, 14, 2, 10, 11
6_30_14 11, 3, 7, 15, 4, 12
4_26_12 9, 1, 5, 13
2_30_08 4, 12
7_15_14 11, 3, 7, 15, 16, 8, 12
2_17_08 5, 13
4_2_22 12, 4, 8, 16
2_10_04 1, 9
4_13_22 15, 7, 11, 3
1_8_06 9
3_30_16 8, 16, 4
6_16_06 7, 15, 3, 11, 16, 8
2_18_00 13, 5
8_5_18 11, 3, 7, 15, 12, 4, 8, 16
7_24_00 2, 10, 14, 6, 7, 15, 3
4_25_08 7, 15, 3, 11
1_7_20 4
3_2_22 8, 16, 4
7_15_04 6, 14, 2, 10, 11, 3, 7
3_18_16 5, 13, 1
5_7_18 11, 3, 7, 15, 4
7_5_02 3, 11, 15, 7, 4, 12, 16
6_20_10 6, 14, 2, 10, 3, 11
4_24_04 4, 12, 16, 8
1_7_14 1
2_23_16 10, 2
8_6_00 2, 10, 14, 6, 3, 11, 15, 7
5_10_12 9, 1, 5, 13, 6
7_3_02 2, 10, 14, 6, 11, 3, 7
6_7_12 8, 16, 4, 12, 9, 1
5_4_20 11, 3, 7, 15, 16
1_23_14 1
5_6_00 2, 10, 14, 6, 15
4_1_04 3, 11, 15, 7
6_1_14 8, 16, 4, 12, 9, 1
1_3_10 14
3_19_10 6, 14, 10
6_24_14 9, 1, 5, 13, 6, 14
7_10_16 11, 3, 7, 15, 8, 16, 4
7_21_06 5, 13, 1, 9, 6, 14, 2
6_5_00 2, 10, 14, 6, 3, 11
8_11_20 13, 5, 9, 1, 14, 6, 10, 2
7_1_10 6, 14, 2, 10, 7, 15, 3
1_26_20 9
6_19_02 2, 10, 14, 6, 3, 11
3_15_16 12, 4, 16
4_23_02 3, 11, 15, 7
5_1_16 9, 1, 5, 13, 10
4_5_02 3, 11, 15, 7
7_18_14 8, 16, 4, 12, 5, 13, 1
5_5_00 2, 10, 14, 6, 3
6_15_18 13, 5, 9, 1, 10, 2
3_10_06 2, 10, 14
4_4_20 11, 3, 7, 15
5_10_16 11, 3, 7, 15, 8
7_16_20 14, 6, 10, 2, 15, 7, 11
3_19_22 12, 4, 16
4_8_14 9, 1, 5, 13
3_1_08 5, 13, 1
7_5_08 6, 14, 2, 10, 7, 15, 3
4_7_08 6, 14, 2, 10
5_20_10 6, 14, 2, 10, 11
7_1_18 10, 2, 6, 14, 11, 3, 7
4_21_14 9, 1, 5, 13
5_19_08 5, 13, 1, 9, 14
6_10_08 7, 15, 3, 11, 4, 12
4_29_20 14, 6, 10, 2
6_3_12 7, 15, 3, 11, 8, 16
8_25_22 14, 6, 10, 2, 15, 7, 11, 3
2_24_06 1, 9
8_22_02 3, 11, 15, 7, 4, 12, 16, 8
3_19_00 1, 9, 5
3_19_16 9, 1, 13
5_24_08 6, 14, 2, 10, 11
8_5_18 11, 3, 7, 15, 12, 4, 8, 16
3_16_16 8, 16, 12
7_11_02 4, 12, 16, 8, 13, 5, 9
7_14_14 11, 3, 7, 15, 4, 12, 16
1_5_18 11
2_2_16 5, 13
6_24_06 5, 13, 1, 9, 2, 10
8_15_16 12, 4, 8, 16, 9, 1, 5, 13
5_26_16 11, 3, 7, 15, 8
4_28_18 12, 4, 8, 16
6_21_14 9, 1, 5, 13, 10, 2
4_21_14 9, 1, 5, 13
7_15_04 6, 14, 2, 10, 11, 3, 7
2_19_22 12, 4
1_12_04 9
4_5_18 11, 3, 7, 15
6_2_14 8, 16, 4, 12, 5, 13
4_2_12 7, 15, 3, 11
3_14_22 11, 3, 7
3_22_18 7, 15, 3
3_31_16 12, 4, 16
7_3_14 8, 16, 4, 12, 1, 9, 13
8_24_10 7, 15, 3, 11, 8, 16, 4, 12
8_19_02 2, 10, 14, 6, 3, 11, 15, 7
5_28_08 7, 15, 3, 11, 12
5_11_02 4, 12, 16, 8, 13
2_3_08 5, 13
7_4_20 11, 3, 7, 15, 16, 8, 12
5_22_16 10, 2, 6, 14, 7
2_2_02 14, 6
5_10_22 14, 6, 10, 2, 11
5_4_06 4, 12, 16, 8, 9
5_14_10 9, 1, 5, 13, 2
4_8_06 5, 13, 1, 9
8_16_10 9, 1, 5, 13, 6, 14, 2, 10
3_24_12 4, 12, 8
6_18_14 8, 16, 4, 12, 5, 13
4_8_14 9, 1, 5, 13
4_28_22 14, 6, 10, 2
8_9_06 6, 14, 2, 10, 7, 15, 3, 11
6_2_10 6, 14, 2, 10, 3, 11
2_1_02 2, 10
7_17_16 9, 1, 5, 13, 10, 2, 6
2_28_10 4, 12
6_29_10 9, 1, 5, 13, 6, 14
7_31_10 9, 1, 5, 13, 14, 6, 10
7_14_22 15, 7, 11, 3, 8, 16, 4
3_3_18 10, 2, 14
8_28_04 5, 13, 1, 9, 6, 14, 2, 10
3_27_10 8, 16, 12
3_28_14 6, 14, 10
4_30_00 4,12, 16, 8
6_6_06 5, 13, 1, 9, 2, 10
1_21_02 3
8_22_04 4, 12, 16, 8, 5, 13, 1, 9
1_6_20 8
8_29_22 15, 7, 11, 3, 12, 4, 8, 16
2_2_08 1, 9
4_31_20 14, 6, 10, 2
6_28_00 3, 11, 15, 7, 16, 8
4_22_20 12, 4, 8, 16
6_30_00 4, 12, 16, 8, 13, 5
8_5_18 11, 3, 7, 15, 12, 4, 8, 16
6_28_14 10, 2, 6, 14, 7, 15
6_26_12 9, 1, 5, 13, 6, 14
6_15_06 7, 15, 3, 11, 4, 12
8_18_10 6, 14, 2, 10, 7, 15, 3, 11
7_23_06 5, 13, 1, 9, 14, 6, 10
2_12_04 1, 9
6_15_18 13, 5, 9, 1, 10, 2
8_6_06 5, 13, 1, 9, 6, 14, 2, 10
2_4_22 8, 16
6_10_02 4, 12, 16, 8, 1, 9
4_20_10 6, 14, 2, 10
3_30_14 7, 15, 3
3_21_10 7, 15, 3
8_20_20 11, 3, 7, 15, 12, 4, 8, 16
2_5_12 8, 16
1_7_08 14
6_27_20 13, 5, 9, 1, 14, 6
4_28_00 3, 11, 15, 7
4_7_04 4, 12, 16, 8
3_29_16 12, 4, 8
7_4_06 4, 12, 16, 8, 9, 1, 5
4_24_18 11, 3, 7, 15
6_23_06 5, 13, 1, 9, 6, 14
8_20_14 8, 16, 4, 12, 9, 1, 5, 13
8_28_00 3, 11, 15, 7, 4, 12, 16, 8
8_7_14 9, 1, 5, 13, 10, 2, 6, 14
4_9_04 5, 13, 1, 9
1_9_14 10
8_13_20 14, 6, 10, 2, 11, 3, 7, 15
4_15_00 4,12, 16, 8
7_12_06 6, 14, 2, 10, 11, 3, 7
5_23_04 4, 12, 16, 8, 13
3_12_20 9, 1, 13
6_18_14 8, 16, 4, 12, 5, 13
3_7_06 5, 13, 9
1_24_14 13
7_27_22 14, 6, 10, 2, 7, 15, 3
5_3_12 7, 15, 3, 11, 16
6_4_20 11, 3, 7, 15, 8, 16
6_10_18 12, 4, 8, 16, 9, 1
5_14_18 13, 5, 9, 1, 6
6_4_18 10, 2, 6, 14, 7, 15
4_20_14 8, 16, 4, 12
7_13_06 7, 15, 3, 11, 4, 12, 16
7_20_06 4, 12, 16, 8, 9, 1, 5
3_5_22 13, 5, 9
2_22_10 3, 11
3_21_00 2, 10, 14
4_18_04 3, 11, 15, 7
6_11_00 3, 11, 15, 7, 4, 12
7_15_16 12, 4, 8, 16, 1, 9, 13
8_20_22 12, 4, 8, 16, 13, 5, 9, 1
4_7_20 12, 4, 8, 16
5_8_04 4, 12, 16, 8, 9
5_27_02 4, 12, 16, 8, 13
3_15_14 11, 3, 15
1_7_22 5
8_7_06 5, 13, 1, 9, 6, 14, 2, 10
6_21_00 2, 10, 14, 6, 3, 11
3_9_22 14, 6, 10
6_23_02 3, 11, 15, 7, 4, 12
7_11_12 9, 1, 5, 13, 2, 10, 14
5_28_22 14, 6, 10, 2, 3
4_8_06 5, 13, 1, 9
8_16_16 12, 4, 8, 16, 9, 1, 5, 13
3_28_14 6, 14, 10
5_27_20 13, 5, 9, 1, 6
2_18_22 8, 16
8_11_16 11, 3, 7, 15, 12, 4, 8, 16
8_26_12 9, 1, 5, 13, 10, 2, 6, 14
1_11_06 14
3_21_00 2, 10, 14
1_17_16 9
7_2_16 9, 1, 5, 13, 6, 14, 2
1_12_22 2
8_22_08 6, 14, 2, 10, 7, 15, 3, 11
6_28_18 12, 4, 8, 16, 9, 1
4_21_22 13, 5, 9, 1
1_16_06 11
6_9_04 5, 13, 1, 9, 6, 14
6_29_20 14, 6, 10, 2, 11, 3
1_21_08 6
5_7_20 12, 4, 8, 16, 5
7_10_10 8, 16, 4, 12, 5, 13, 1
7_12_12 9, 1, 5, 13, 14, 6, 10
7_31_04 6, 14, 2, 10, 11, 3, 7
8_30_00 4, 12, 16, 8, 1, 9, 13, 5
7_26_12 9, 1, 5, 13, 6, 14, 2
6_24_14 9, 1, 5, 13, 6, 14
8_19_00 1, 9, 13, 5, 2, 10, 14, 6
5_2_12 7, 15, 3, 11, 4
7_30_02 5, 13, 1, 9, 14, 6, 10
4_9_08 7, 15, 3, 11
5_3_00 1, 9, 13, 5, 10
3_11_14 10, 2, 14
2_8_22 9, 1
8_5_06 5, 13, 1, 9, 6, 14, 2, 10
8_13_12 10, 2, 6, 14, 7, 15, 3, 11
6_31_18 13, 5, 9, 1, 10, 2
8_12_20 13, 5, 9, 1, 14, 6, 10, 2
4_17_00 1, 9, 13, 5
6_8_08 6, 14, 2, 10, 3, 11
3_19_20 11, 3, 15
5_14_10 9, 1, 5, 13, 2
3_22_08 2, 10, 14
7_29_06 7, 15, 3, 11, 4, 12, 16
3_11_08 7, 15, 11
1_20_02 6
8_13_20 14, 6, 10, 2, 11, 3, 7, 15
4_10_18 12, 4, 8, 16
3_10_16 7, 15, 3
6_22_06 5, 13, 1, 9, 2, 10
4_6_14 9, 1, 5, 13
2_5_08 6, 14
7_9_20 13, 5, 9, 1, 14, 6, 10
6_14_00 4, 12, 16, 8, 13, 5
1_18_06 16
6_29_22 15, 7, 11, 3, 12, 4
5_2_06 4, 12, 16, 8, 1
4_5_04 4, 12, 16, 8
8_7_20 12, 4, 8, 16, 13, 5, 9, 1
7_19_00 1, 9, 13, 5, 10, 2, 6
2_13_12 10, 2
2_13_02 5, 13
4_30_10 9, 1, 5, 13
7_19_12 7, 15, 3, 11, 16, 8, 12
6_16_12 10, 2, 6, 14, 3, 11
3_24_00 14, 6, 2
2_23_14 9, 1
4_14_00 4,12, 16, 8
7_16_16 12, 4, 8, 16, 13, 5, 9
5_1_10 6, 14, 2, 10, 7
8_13_04 6, 14, 2, 10, 3, 11, 15, 7
5_3_00 1, 9, 13, 5, 10
5_30_04 6, 14, 2, 10, 15
5_3_18 10, 2, 6, 14, 3
7_25_08 7, 15, 3, 11, 8, 16, 4
5_23_20 12, 4, 8, 16, 5
1_31_16 4
7_23_14 9, 1, 5, 13, 2, 10, 14
4_13_10 9, 1, 5, 13
5_15_06 7, 15, 3, 11, 12
1_6_08 2
2_20_22 8, 16
3_28_00 15, 7, 3
2_5_18 11, 3
7_10_04 5, 13, 1, 9, 2, 10, 14
8_20_14 8, 16, 4, 12, 9, 1, 5, 13
5_10_14 10, 2, 6, 14, 7
1_28_16 15
2_13_04 6, 14
1_2_00 13
1_20_06 8
5_25_22 14, 6, 10, 2, 15
4_6_16 10, 2, 6, 14
7_25_00 3, 11, 15, 7, 4, 12, 16
6_4_22 12, 4, 8, 16, 9, 1
2_1_06 4, 12
4_6_00 2, 10, 14, 6
8_10_22 14, 6, 10, 2, 15, 7, 11, 3
2_26_14 6, 14
5_24_14 9, 1, 5, 13, 14
5_20_00 1, 9, 13, 5, 6
7_30_14 11, 3, 7, 15, 4, 12, 16
5_22_08 6, 14, 2, 10, 3
8_28_10 8, 16, 4, 12, 9, 1, 5, 13
5_1_20 11, 3, 7, 15, 12
8_2_04 3, 11, 15, 7, 4, 12, 16, 8
5_18_14 8, 16, 4, 12, 5
4_24_04 4, 12, 16, 8
4_5_08 6, 14, 2, 10
8_30_12 10, 2, 6, 14, 7, 15, 3, 11
7_31_22 15, 7, 11, 3, 4, 12, 16
3_25_22 14, 6, 10
7_20_14 8, 16, 4, 12, 13, 5, 9
6_30_08 8, 16, 4, 12, 1, 9
2_25_00 3, 11
4_6_14 9, 1, 5, 13
1_4_02 6
6_6_22 13, 5, 9, 1, 10, 2
7_22_10 7, 15, 3, 11, 4, 12, 16
2_7_22 13, 5
6_1_02 2, 10, 14, 6, 3, 11
4_27_00 3, 11, 15, 7
8_2_16 9, 1, 5, 13, 10, 2, 6, 14
5_25_02 4, 12, 16, 8, 5
5_27_12 9, 1, 5, 13, 2
7_1_20 11, 3, 7, 15, 12, 4, 8
6_13_08 8, 16, 4, 12, 5, 13
7_13_02 5, 13, 1, 9, 2, 10, 14
1_25_04 5
2_2_20 7, 15
5_26_20 13, 5, 9, 1, 10
6_16_16 12, 4, 8, 16, 5, 13
4_20_14 8, 16, 4, 12
7_1_00 1, 9, 13, 5, 2, 10, 14
4_18_08 5, 13, 1, 9
8_21_14 9, 1, 5, 13, 10, 2, 6, 14
2_14_02 1, 9
7_12_20 13, 5, 9, 1, 2, 10, 14
8_31_00 4, 12, 16, 8, 1, 9, 13, 5
8_25_10 8, 16, 4, 12, 9, 1, 5, 13
3_17_12 7, 15, 3
5_24_18 11, 3, 7, 15, 16
8_13_04 6, 14, 2, 10, 3, 11, 15, 7
7_9_16 11, 3, 7, 15, 12, 4, 8
8_19_04 3, 11, 15, 7, 4, 12, 16, 8
3_4_08 1, 9, 5
1_27_10 16
1_26_12 5
8_16_02 5, 13, 1, 9, 2, 10, 14, 6
5_29_16 12, 4, 8, 16, 9
3_27_14 10, 2, 14
5_22_04 4, 12, 16, 8, 1
8_20_00 1, 9, 13, 5, 2, 10, 14, 6
1_5_00 2
5_17_06 4, 12, 16, 8, 5
7_6_18 11, 3, 7, 15, 8, 16, 4
5_7_10 7, 15, 3, 11, 16
5_30_18 13, 5, 9, 1, 6
4_10_20 13, 5, 9, 1
8_16_12 10, 2, 6, 14, 7, 15, 3, 11
4_3_08 5, 13, 1, 9
5_17_04 3, 11, 15, 7, 4
3_29_10 9, 1, 5
6_28_16 11, 3, 7, 15, 8, 16
3_28_14 6, 14, 10
3_29_12 10, 2, 6
6_25_22 14, 6, 10, 2, 15, 7
1_19_10 14
8_2_22 12, 4, 8, 16, 13, 5, 9, 1
1_31_04 14
8_4_10 6, 14, 2, 10, 7, 15, 3, 11
8_15_02 5, 13, 1, 9, 2, 10, 14, 6
2_27_10 8, 16
1_17_00 1
6_14_12 10, 2, 6, 14, 3, 11
1_9_02 4
1_15_10 1
8_6_10 7, 15, 3, 11, 8, 16, 4, 12
4_1_04 3, 11, 15, 7
2_21_04 4, 12
3_21_16 10, 2, 6
8_7_08 6, 14, 2, 10, 7, 15, 3, 11
7_26_00 3, 11, 15, 7, 16, 8, 12
4_11_08 7, 15, 3, 11
8_16_14 11, 3, 7, 15, 8, 16, 4, 12
1_10_18 8
8_16_22 15, 7, 11, 3, 12, 4, 8, 16
8_17_06 4, 12, 16, 8, 5, 13, 1, 9
6_3_16 9, 1, 5, 13, 10, 2
8_4_14 8, 16, 4, 12, 9, 1, 5, 13
4_12_16 11, 3, 7, 15
2_11_06 6, 14
1_23_06 13
4_30_20 14, 6, 10, 2
6_26_02 4, 12, 16, 8, 1, 9
5_3_06 4, 12, 16, 8, 13
3_14_18 9, 1, 5
5_17_02 2, 10, 14, 6, 3
8_9_00 3, 11, 15, 7, 4, 12, 16, 8
7_6_18 11, 3, 7, 15, 8, 16, 4
7_6_00 2, 10, 14, 6, 15, 7, 11
3_11_00 3, 11, 7
1_2_20 7
5_25_10 8, 16, 4, 12, 9
4_6_12 8, 16, 4, 12
2_9_00 3, 11
3_9_04 5, 13, 1
7_25_10 8, 16, 4, 12, 9, 1, 5
8_15_10 9, 1, 5, 13, 6, 14, 2, 10
8_25_14 10, 2, 6, 14, 11, 3, 7, 15
3_4_20 7, 15, 11
3_19_00 1, 9, 5
8_1_02 2, 10, 14, 6, 3, 11, 15, 7
3_17_00 1, 9, 13
6_18_20 11, 3, 7, 15, 8, 16
2_23_20 12, 4
2_2_02 14, 6
7_12_00 3, 11, 15, 7, 8, 16, 4
6_21_00 2, 10, 14, 6, 3, 11
7_11_14 10, 2, 6, 14, 3, 11, 15
8_1_04 3, 11, 15, 7, 4, 12, 16, 8
8_21_10 7, 15, 3, 11, 8, 16, 4, 12
7_23_12 8, 16, 4, 12, 1, 9, 13
8_31_04 6, 14, 2, 10, 3, 11, 15, 7
2_31_14 11, 3
5_13_00 4, 12, 16, 8, 1
8_3_08 5, 13, 1, 9, 6, 14, 2, 10
7_12_00 3, 11, 15, 7, 8, 16, 4
2_12_08 3, 11
1_28_18 16
1_6_16 6
7_13_16 12, 4, 8, 16, 9, 1, 5
3_6_22 9, 1, 5
1_25_08 7
4_17_14 8, 16, 4, 12
3_18_00 13, 5, 9
8_19_08 5, 13, 1, 9, 6, 14, 2, 10
1_7_14 1
3_6_20 8, 16, 4
1_14_04 2
6_30_10 9, 1, 5, 13, 2, 10
5_12_14 10, 2, 6, 14, 15
6_4_18 10, 2, 6, 14, 7, 15
8_31_16 12, 4, 8, 16, 9, 1, 5, 13
4_28_20 13, 5, 9, 1
3_27_14 10, 2, 14
6_19_20 11, 3, 7, 15, 12, 4
6_19_02 2, 10, 14, 6, 3, 11
2_27_04 5, 13
4_10_06 6, 14, 2, 10
8_20_00 1, 9, 13, 5, 2, 10, 14, 6
7_9_10 8, 16, 4, 12, 9, 1, 5
4_11_16 11, 3, 7, 15
1_10_04 1
3_25_02 4, 12, 16
3_31_00 4,12, 8
3_7_06 5, 13, 9
4_9_06 6, 14, 2, 10
3_18_12 3, 11, 15
4_7_14 9, 1, 5, 13
3_13_14 11, 3, 7
2_24_12 4, 12
6_11_14 10, 2, 6, 14, 11, 3
6_4_16 9, 1, 5, 13, 6, 14
5_9_22 14, 6, 10, 2, 15
2_17_22 12, 4
8_4_18 10, 2, 6, 14, 11, 3, 7, 15
8_1_18 10, 2, 6, 14, 11, 3, 7, 15
4_10_06 6, 14, 2, 10
5_15_10 9, 1, 5, 13, 14
7_24_04 4, 12, 16, 8, 9, 1, 5
7_19_16 9, 1, 5, 13, 2, 10, 14
3_9_00 3, 11, 15
4_5_16 10, 2, 6, 14
5_28_04 5, 13, 1, 9, 10
2_30_18 9, 1
4_22_22 13, 5, 9, 1
7_15_08 8, 16, 4, 12, 13, 5, 9
8_20_20 11, 3, 7, 15, 12, 4, 8, 16
3_31_10 9, 1, 13
7_8_00 2, 10, 14, 6, 7, 15, 3
1_16_22 3
7_4_00 1, 9, 13, 5, 6, 14, 2
6_26_02 4, 12, 16, 8, 1, 9
2_1_02 2, 10
7_3_06 4, 12, 16, 8, 13, 5, 9
8_27_00 3, 11, 15, 7, 4, 12, 16, 8
6_29_10 9, 1, 5, 13, 6, 14
5_14_00 4, 12, 16, 8, 13
2_24_04 16, 8
1_14_04 2
7_16_12 10, 2, 6, 14, 11, 3, 7
6_8_08 6, 14, 2, 10, 3, 11
7_27_22 14, 6, 10, 2, 7, 15, 3
4_10_10 8, 16, 4, 12
3_8_22 9, 1, 13
3_16_14 7, 15, 11
5_15_02 5, 13, 1, 9, 10
1_7_12 16
1_3_06 12
4_6_18 11, 3, 7, 15
4_10_20 13, 5, 9, 1
4_2_18 10, 2, 6, 14
6_25_10 8, 16, 4, 12, 9, 1
4_17_10 6, 14, 2, 10
7_1_12 7, 15, 3, 11, 8, 16, 4
1_6_12 4
8_7_04 4, 12, 16, 8, 5, 13, 1, 9
7_25_02 4, 12, 16, 8, 5, 13, 1
7_21_10 7, 15, 3, 11, 8, 16, 4
3_24_18 7, 15, 11
7_1_08 5, 13, 1, 9, 6, 14, 2
4_3_02 2, 10, 14, 6
3_12_18 8, 16, 12
2_16_22 11, 3
2_23_04 4, 12
7_15_02 5, 13, 1, 9, 10, 2, 6
8_25_08 7, 15, 3, 11, 8, 16, 4, 12
8_18_10 6, 14, 2, 10, 7, 15, 3, 11
3_17_02 2, 10, 14
2_8_10 3, 11
1_3_04 11
6_24_02 3, 11, 15, 7, 16, 8
7_21_18 11, 3, 7, 15, 12, 4, 8
5_12_00 3, 11, 15, 7, 8
5_25_22 14, 6, 10, 2, 15
1_20_12 11
2_21_00 2, 10
8_22_14 9, 1, 5, 13, 10, 2, 6, 14
7_23_16 10, 2, 6, 14, 3, 11, 15
2_12_20 9, 1
3_11_04 5, 13, 9
7_4_16 9, 1, 5, 13, 14, 6, 10
7_18_08 5, 13, 1, 9, 2, 10, 14
4_8_04 4, 12, 16, 8
3_13_14 11, 3, 7
5_10_04 5, 13, 1, 9, 2
2_6_08 2, 10
6_24_02 3, 11, 15, 7, 16, 8
6_29_04 6, 14, 2, 10, 3, 11
1_2_12 3
6_16_10 9, 1, 5, 13, 2, 10
5_25_08 7, 15, 3, 11, 8
5_4_12 7, 15, 3, 11, 12
1_15_02 13
3_28_14 6, 14, 10
4_11_10 8, 16, 4, 12
7_23_14 9, 1, 5, 13, 2, 10, 14
4_4_10 6, 14, 2, 10
6_8_22 13, 5, 9, 1, 10, 2
1_16_06 11
1_20_22 16
7_9_14 10, 2, 6, 14, 11, 3, 7
2_11_16 11, 3
4_1_00 1, 9, 13, 5
1_3_14 16
7_8_16 10, 2, 6, 14, 15, 7, 11
5_28_10 8, 16, 4, 12, 13
7_18_18 10, 2, 6, 14, 7, 15, 3
4_31_06 7, 15, 3, 11
3_15_22 15, 7, 3
2_29_10 9, 1
8_31_18 13, 5, 9, 1, 10, 2, 6, 14
7_14_14 11, 3, 7, 15, 4, 12, 16
7_18_12 7, 15, 3, 11, 4, 12, 16
6_23_06 5, 13, 1, 9, 6, 14
4_14_06 7, 15, 3, 11
7_15_12 10, 2, 6, 14, 15, 7, 11
2_10_12 5, 13
4_12_20 13, 5, 9, 1
3_16_22 11, 3, 15
1_25_14 10
2_14_04 2, 10
5_28_22 14, 6, 10, 2, 3
6_18_04 3, 11, 15, 7, 16, 8
3_13_02 5, 13, 1
2_21_12 8, 16
6_3_18 10, 2, 6, 14, 11, 3
5_18_10 6, 14, 2, 10, 3
4_10_08 7, 15, 3, 11
6_13_06 7, 15, 3, 11, 4, 12
2_8_20 8, 16
3_29_20 14, 6, 10
8_21_12 8, 16, 4, 12, 9, 1, 5, 13
7_31_02 5, 13, 1, 9, 10, 2, 6
7_9_12 9, 1, 5, 13, 10, 2, 6
3_31_12 10, 2, 14
4_14_10 9, 1, 5, 13
8_17_06 4, 12, 16, 8, 5, 13, 1, 9
3_5_20 12, 4, 8
3_6_10 3, 11, 15
7_3_10 6, 14, 2, 10, 15, 7, 11
7_27_20 13, 5, 9, 1, 6, 14, 2
1_8_02 7
6_23_16 10, 2, 6, 14, 11, 3
4_16_16 12, 4, 8, 16
2_11_10 8, 16
5_14_14 11, 3, 7, 15, 4
2_12_00 15, 7
3_24_02 15, 7, 3
4_31_14 11, 3, 7, 15
2_19_18 10, 2
4_10_10 8, 16, 4, 12
2_1_14 8, 16
1_31_18 5
3_12_08 3, 11, 7
4_12_02 4, 12, 16, 8
7_8_04 4, 12, 16, 8, 9, 1, 5
7_6_14 9, 1, 5, 13, 6, 14, 2
1_30_04 2
2_18_18 6, 14
6_22_08 6, 14, 2, 10, 3, 11
5_13_20 14, 6, 10, 2, 11
2_4_20 7, 15
2_16_04 2, 10
1_20_10 10
7_25_16 11, 3, 7, 15, 12, 4, 8
4_11_08 7, 15, 3, 11
3_27_02 4, 12, 8
7_26_16 11, 3, 7, 15, 8, 16, 4
5_11_04 5, 13, 1, 9, 14
3_24_16 6, 14, 10
7_31_14 11, 3, 7, 15, 16, 8, 12
3_10_10 4, 12, 16
1_17_02 2
7_15_10 9, 1, 5, 13, 14, 6, 10
2_15_04 6, 14
8_7_12 8, 16, 4, 12, 9, 1, 5, 13
2_30_00 16, 8
5_3_22 12, 4, 8, 16, 5
6_17_02 2, 10, 14, 6, 3, 11
1_7_18 3
2_20_22 8, 16
3_30_06 3, 11, 15
6_14_06 7, 15, 3, 11, 16, 8
4_17_04 3, 11, 15, 7
4_9_16 11, 3, 7, 15
4_25_16 11, 3, 7, 15
8_16_16 12, 4, 8, 16, 9, 1, 5, 13
1_10_20 9
6_4_20 11, 3, 7, 15, 8, 16
3_10_12 5, 13, 1
3_7_02 3, 11, 7
3_30_12 6, 14, 2
3_9_04 5, 13, 1
5_9_08 7, 15, 3, 11, 8
7_28_04 5, 13, 1, 9, 10, 2, 6
7_7_12 8, 16, 4, 12, 1, 9, 13
3_17_06 4, 12, 16
1_7_12 16
4_15_10 9, 1, 5, 13
7_8_08 6, 14, 2, 10, 11, 3, 7
3_11_22 14, 6, 2
4_11_14 10, 2, 6, 14
6_14_22 15, 7, 11, 3, 8, 16
7_13_02 5, 13, 1, 9, 2, 10, 14
3_8_14 5, 13, 9
2_14_06 3, 11
6_27_18 12, 4, 8, 16, 13, 5
6_12_02 4, 12, 16, 8, 1, 9
1_23_20 4
5_28_16 11, 3, 7, 15, 16
6_4_02 2, 10, 14, 6, 15, 7
1_30_22 11
4_8_12 8, 16, 4, 12
2_6_00 14, 6
6_4_08 5, 13, 1, 9, 2, 10
8_29_14 11, 3, 7, 15, 8, 16, 4, 12
1_8_22 1
5_10_08 7, 15, 3, 11, 4
2_3_04 3, 11
5_13_10 9, 1, 5, 13, 6
8_24_00 2, 10, 14, 6, 3, 11, 15, 7
1_15_04 14
2_30_06 3, 11
6_13_16 12, 4, 8, 16, 9, 1
2_5_02 3, 11
3_23_06 5, 13, 9
6_22_14 9, 1, 5, 13, 6, 14
7_13_10 9, 1, 5, 13, 6, 14, 2
5_16_06 7, 15, 3, 11, 8
6_6_14 9, 1, 5, 13, 6, 14
2_5_14 9, 1
2_3_02 2, 10
4_20_20 11, 3, 7, 15
8_29_06 7, 15, 3, 11, 4, 12, 16, 8
3_27_20 13, 5, 1
5_25_04 5, 13, 1, 9, 6
4_18_10 6, 14, 2, 10
1_27_22 6
1_31_08 16
5_14_14 11, 3, 7, 15, 4
1_23_10 15
4_23_20 12, 4, 8, 16
4_16_00 4,12, 16, 8
8_26_00 3, 11, 15, 7, 4, 12, 16, 8
4_25_04 5, 13, 1, 9
5_4_22 12, 4, 8, 16, 1
2_7_18 11, 3
8_24_02 3, 11, 15, 7, 4, 12, 16, 8
2_28_06 2, 10
5_16_20 14, 6, 10, 2, 15
7_15_14 11, 3, 7, 15, 16, 8, 12
2_28_14 6, 14
7_31_18 13, 5, 9, 1, 2, 10, 14
4_12_16 11, 3, 7, 15
1_9_10 8
1_30_18 9
4_12_12 9, 1, 5, 13
6_9_04 5, 13, 1, 9, 6, 14
8_23_00 2, 10, 14, 6, 3, 11, 15, 7
7_21_04 4, 12, 16, 8, 5, 13, 1
6_14_02 5, 13, 1, 9, 14, 6
1_18_12 3
2_22_18 7, 15
7_8_10 7, 15, 3, 11, 12, 4, 8
5_25_18 12, 4, 8, 16, 13
8_29_18 13, 5, 9, 1, 10, 2, 6, 14
6_2_00 1, 9, 13, 5, 14, 6
8_31_10 9, 1, 5, 13, 6, 14, 2, 10
1_26_20 9
5_30_20 14, 6, 10, 2, 7
4_15_10 9, 1, 5, 13
2_4_04 15, 7
1_11_20 5
2_9_08 7, 15
7_28_04 5, 13, 1, 9, 10, 2, 6
3_11_14 10, 2, 14
7_11_18 12, 4, 8, 16, 5, 13, 1
1_2_00 13
5_18_08 5, 13, 1, 9, 2
7_31_06 7, 15, 3, 11, 12, 4, 8
7_5_20 12, 4, 8, 16, 13, 5, 9
4_27_12 9, 1, 5, 13
3_13_02 5, 13, 1
5_5_04 4, 12, 16, 8, 5
4_20_16 9, 1, 5, 13
2_31_08 8, 16
6_28_10 8, 16, 4, 12, 5, 13
2_18_20 7, 15
3_25_10 8, 16, 4
2_18_08 1, 9
7_25_20 13, 5, 9, 1, 14, 6, 10
3_7_00 2, 10, 6
1_20_10 10
1_20_18 14
8_14_14 11, 3, 7, 15, 8, 16, 4, 12
1_20_22 16
2_4_08 1, 9
2_1_12 7, 15
2_13_02 5, 13
5_26_22 14, 6, 10, 2, 11
3_31_04 6, 14, 10
5_4_14 8, 16, 4, 12, 13
7_24_00 2, 10, 14, 6, 7, 15, 3
6_7_16 10, 2, 6, 14, 11, 3
7_27_10 8, 16, 4, 12, 1, 9, 13
8_15_04 6, 14, 2, 10, 3, 11, 15, 7
1_17_10 6
1_12_00 7
5_14_10 9, 1, 5, 13, 2
5_5_14 9, 1, 5, 13, 10
3_13_20 14, 6, 10
7_27_02 4, 12, 16, 8, 13, 5, 9
4_15_04 6, 14, 2, 10
2_10_12 5, 13
5_27_06 6, 14, 2, 10, 15
6_2_02 2, 10, 14, 6, 15, 7
4_15_18 13, 5, 9, 1
5_13_20 14, 6, 10, 2, 11
7_30_18 13, 5, 9, 1, 6, 14, 2
2_4_18 6, 14
2_2_00 13, 5
2_28_16 7, 15
2_13_22 15, 7
6_15_22 15, 7, 11, 3, 12, 4
6_14_04 6, 14, 2, 10, 15, 7
5_18_22 12, 4, 8, 16, 9
5_8_16 10, 2, 6, 14, 15
4_21_06 5, 13, 1, 9
8_2_22 12, 4, 8, 16, 13, 5, 9, 1
2_19_20 11, 3
3_7_08 6, 14, 10
1_29_16 12
6_14_10 9, 1, 5, 13, 2, 10
5_5_00 2, 10, 14, 6, 3
1_8_10 11
2_1_18 10, 2
1_10_10 4
6_9_10 8, 16, 4, 12, 9, 1
4_18_14 8, 16, 4, 12
1_4_08 9
8_3_20 11, 3, 7, 15, 12, 4, 8, 16
8_26_14 10, 2, 6, 14, 11, 3, 7, 15
7_10_00 3, 11, 15, 7, 16, 8, 12
7_30_04 6, 14, 2, 10, 15, 7, 11
5_14_02 5, 13, 1, 9, 14
7_21_22 13, 5, 9, 1, 14, 6, 10
7_16_22 15, 7, 11, 3, 16, 8, 12
4_14_20 14, 6, 10, 2
3_27_02 4, 12, 8
1_27_08 15
3_23_22 13, 5, 1
4_16_16 12, 4, 8, 16
7_6_14 9, 1, 5, 13, 6, 14, 2
3_21_08 6, 14, 2
4_19_10 6, 14, 2, 10
6_22_22 13, 5, 9, 1, 10, 2
3_4_16 5, 13, 9
3_11_00 3, 11, 7
7_30_20 14, 6, 10, 2, 7, 15, 3
5_31_20 14, 6, 10, 2, 3
6_10_14 10, 2, 6, 14, 7, 15
3_21_18 11, 3, 7
5_25_08 7, 15, 3, 11, 8
8_30_10 9, 1, 5, 13, 6, 14, 2, 10
3_7_16 10, 2, 14
3_12_02 16, 8, 4
8_9_12 9, 1, 5, 13, 10, 2, 6, 14
4_25_20 13, 5, 9, 1
4_27_16 11, 3, 7, 15
3_2_02 14, 6, 10
2_30_00 16, 8
8_17_00 1, 9, 13, 5, 2, 10, 14, 6
7_31_16 12, 4, 8, 16, 1, 9, 13
6_19_04 3, 11, 15, 7, 4, 12
2_6_06 1, 9
8_13_16 12, 4, 8, 16, 9, 1, 5, 13
3_27_20 13, 5, 1
1_20_18 14
2_14_18 9, 1
7_8_14 9, 1, 5, 13, 14, 6, 10
6_30_18 13, 5, 9, 1, 6, 14
8_22_08 6, 14, 2, 10, 7, 15, 3, 11
8_24_22 13, 5, 9, 1, 14, 6, 10, 2
4_23_10 7, 15, 3, 11
8_14_14 11, 3, 7, 15, 8, 16, 4, 12
3_11_16 11, 3, 15
3_30_06 3, 11, 15
5_3_00 1, 9, 13, 5, 10
6_15_06 7, 15, 3, 11, 4, 12
1_13_20 14
1_15_00 12
6_21_16 10, 2, 6, 14, 11, 3
3_30_12 6, 14, 2
7_20_10 6, 14, 2, 10, 11, 3, 7
1_14_22 11
3_19_08 5, 13, 9
7_19_14 8, 16, 4, 12, 1, 9, 13
4_27_20 13, 5, 9, 1
4_2_08 5, 13, 1, 9
6_30_20 14, 6, 10, 2, 7, 15
4_18_16 9, 1, 5, 13
6_3_20 11, 3, 7, 15, 12, 4
8_6_14 9, 1, 5, 13, 10, 2, 6, 14
4_14_20 14, 6, 10, 2
3_12_02 16, 8, 4
5_10_18 12, 4, 8, 16, 9
6_11_04 5, 13, 1, 9, 6, 14
3_26_04 1, 9, 13
7_11_12 9, 1, 5, 13, 2, 10, 14
3_14_10 5, 13, 1
6_14_14 11, 3, 7, 15, 4, 12
8_29_08 8, 16, 4, 12, 5, 13, 1, 9
2_9_02 4, 12
8_9_08 7, 15, 3, 11, 8, 16, 4, 12
4_4_16 9, 1, 5, 13
6_7_20 12, 4, 8, 16, 13, 5
7_26_14 10, 2, 6, 14, 7, 15, 3
8_23_00 2, 10, 14, 6, 3, 11, 15, 7
8_22_20 12, 4, 8, 16, 13, 5, 9, 1
7_18_04 3, 11, 15, 7, 16, 8, 12
4_20_16 9, 1, 5, 13
7_9_00 3, 11, 15, 7, 4, 12, 16
5_23_00 2, 10, 14, 6, 11
7_12_18 12, 4, 8, 16, 1, 9, 13
6_7_14 9, 1, 5, 13, 10, 2
8_2_08 5, 13, 1, 9, 6, 14, 2, 10
1_1_22 12
5_18_16 9, 1, 5, 13, 6
7_9_04 5, 13, 1, 9, 6, 14, 2
3_7_14 9, 1, 13
5_25_10 8, 16, 4, 12, 9
8_25_10 8, 16, 4, 12, 9, 1, 5, 13
7_13_22 15, 7, 11, 3, 12, 4, 8
2_2_18 6, 14
7_9_14 10, 2, 6, 14, 11, 3, 7
6_11_16 11, 3, 7, 15, 12, 4
3_20_04 15, 7, 3
6_29_18 13, 5, 9, 1, 10, 2
4_16_16 12, 4, 8, 16
4_27_12 9, 1, 5, 13
6_26_06 6, 14, 2, 10, 3, 11
8_16_06 7, 15, 3, 11, 4, 12, 16, 8
5_24_04 4, 12, 16, 8, 9
7_1_04 3, 11, 15, 7, 4, 12, 16
8_25_18 12, 4, 8, 16, 13, 5, 9, 1
8_10_06 6, 14, 2, 10, 7, 15, 3, 11
8_11_00 3, 11, 15, 7, 4, 12, 16, 8
5_10_06 6, 14, 2, 10, 3
8_27_08 7, 15, 3, 11, 8, 16, 4, 12
4_28_06 6, 14, 2, 10
3_29_10 9, 1, 5
5_27_10 8, 16, 4, 12, 1
3_17_20 11, 3, 7
1_9_14 10
3_6_06 1, 9, 13
1_2_20 7
8_7_06 5, 13, 1, 9, 6, 14, 2, 10
5_4_22 12, 4, 8, 16, 1
5_12_14 10, 2, 6, 14, 15
7_31_14 11, 3, 7, 15, 16, 8, 12
5_20_08 5, 13, 1, 9, 10
4_28_12 9, 1, 5, 13
3_29_08 8, 16, 4
1_27_22 6
1_31_22 7
2_31_10 9, 1
7_7_12 8, 16, 4, 12, 1, 9, 13
5_15_10 9, 1, 5, 13, 14
5_9_20 13, 5, 9, 1, 14
2_14_16 8, 16
1_27_22 6
7_5_02 3, 11, 15, 7, 4, 12, 16
4_13_06 7, 15, 3, 11
2_13_18 13, 5
2_10_08 3, 11
8_9_16 11, 3, 7, 15, 12, 4, 8, 16
3_15_12 10, 2, 14
6_9_02 4, 12, 16, 8, 5, 13
3_29_04 6, 14, 2
8_14_16 12, 4, 8, 16, 9, 1, 5, 13
1_4_00 5
4_13_12 10, 2, 6, 14
8_16_14 11, 3, 7, 15, 8, 16, 4, 12
8_10_06 6, 14, 2, 10, 7, 15, 3, 11
1_20_14 12
8_12_02 4, 12, 16, 8, 5, 13, 1, 9
6_3_10 6, 14, 2, 10, 7, 15
5_12_08 7, 15, 3, 11, 12
3_8_12 4, 12, 8
5_6_18 11, 3, 7, 15, 8
5_9_14 10, 2, 6, 14, 11
1_12_20 1
7_5_08 6, 14, 2, 10, 7, 15, 3
5_21_18 11, 3, 7, 15, 12
7_20_00 1, 9, 13, 5, 6, 14, 2
6_12_06 6, 14, 2, 10, 3, 11
8_16_02 5, 13, 1, 9, 2, 10, 14, 6
7_22_00 2, 10, 14, 6, 15, 7, 11
7_18_20 11, 3, 7, 15, 8, 16, 4
6_20_00 1, 9, 13, 5, 14, 6
5_29_10 9, 1, 5, 13, 6
6_15_00 4, 12, 16, 8, 1, 9
2_3_12 7, 15
3_8_14 5, 13, 9
2_26_12 5, 13
7_22_18 11, 3, 7, 15, 8, 16, 4
8_8_00 2, 10, 14, 6, 3, 11, 15, 7
2_9_04 5, 13
5_21_08 6, 14, 2, 10, 7
4_9_06 6, 14, 2, 10
7_26_14 10, 2, 6, 14, 7, 15, 3
5_13_22 15, 7, 11, 3, 12
7_24_22 13, 5, 9, 1, 2, 10, 14
7_23_04 4, 12, 16, 8, 13, 5, 9
8_24_14 9, 1, 5, 13, 10, 2, 6, 14
3_20_16 5, 13, 9
7_16_22 15, 7, 11, 3, 16, 8, 12
7_17_22 12, 4, 8, 16, 13, 5, 9
3_14_16 8, 16, 4
6_22_08 6, 14, 2, 10, 3, 11
7_16_16 12, 4, 8, 16, 13, 5, 9
5_4_22 12, 4, 8, 16, 1
5_5_12 8, 16, 4, 12, 9
5_1_20 11, 3, 7, 15, 12
2_18_18 6, 14
2_18_16 5, 13
6_10_20 13, 5, 9, 1, 10, 2
4_16_16 12, 4, 8, 16
4_4_06 4, 12, 16, 8
3_5_12 8, 16, 4
8_18_14 8, 16, 4, 12, 9, 1, 5, 13
6_31_08 8, 16, 4, 12, 5, 13
5_30_06 7, 15, 3, 11, 16
7_27_20 13, 5, 9, 1, 6, 14, 2
3_18_12 3, 11, 15
2_18_04 15, 7
8_9_12 9, 1, 5, 13, 10, 2, 6, 14
3_30_10 5, 13, 1
5_5_10 7, 15, 3, 11, 8
3_26_02 16, 8, 12
7_23_22 13, 5, 9, 1, 6, 14, 2
8_29_04 6, 14, 2, 10, 3, 11, 15, 7
2_28_00 15, 7
2_6_10 3, 11
3_6_16 6, 14, 2
3_5_00 2, 10, 14
4_15_18 13, 5, 9, 1
4_19_04 3, 11, 15, 7
8_9_10 8, 16, 4, 12, 9, 1, 5, 13
8_17_00 1, 9, 13, 5, 2, 10, 14, 6
1_12_12 13
6_4_12 7, 15, 3, 11, 4, 12
4_3_14 8, 16, 4, 12
1_21_22 13
5_17_16 9, 1, 5, 13, 10
1_18_18 6
3_5_06 5, 13, 1
4_17_16 9, 1, 5, 13
5_26_18 12, 4, 8, 16, 9
7_7_18 11, 3, 7, 15, 4, 12, 16
5_2_08 5, 13, 1, 9, 2
3_9_20 13, 5, 9
2_14_14 7, 15
8_18_18 10, 2, 6, 14, 11, 3, 7, 15
6_15_12 10, 2, 6, 14, 7, 15
1_25_08 7
5_10_08 7, 15, 3, 11, 4
1_9_18 12
5_23_04 4, 12, 16, 8, 13
4_15_00 4,12, 16, 8
1_11_16 3
7_8_08 6, 14, 2, 10, 11, 3, 7
4_18_02 2, 10, 14, 6
6_10_04 5, 13, 1, 9, 2, 10
7_20_16 9, 1, 5, 13, 14, 6, 10
8_11_06 6, 14, 2, 10, 7, 15, 3, 11
7_10_06 6, 14, 2, 10, 3, 11, 15
2_2_08 1, 9
3_27_10 8, 16, 12
6_8_14 9, 1, 5, 13, 6, 14
8_1_02 2, 10, 14, 6, 3, 11, 15, 7
3_1_02 2, 10, 14
8_24_02 3, 11, 15, 7, 4, 12, 16, 8
6_2_04 3, 11, 15, 7, 16, 8
2_18_20 7, 15
1_24_06 9
8_31_16 12, 4, 8, 16, 9, 1, 5, 13
5_21_08 6, 14, 2, 10, 7
1_9_10 8
7_25_16 11, 3, 7, 15, 12, 4, 8
4_25_18 12, 4, 8, 16
5_29_12 10, 2, 6, 14, 7
4_4_04 3, 11, 15, 7
5_14_14 11, 3, 7, 15, 4
6_31_02 5, 13, 1, 9, 2, 10
6_2_16 9, 1, 5, 13, 6, 14
1_1_16 9
8_10_02 4, 12, 16, 8, 5, 13, 1, 9
4_23_02 3, 11, 15, 7
6_2_04 3, 11, 15, 7, 16, 8
6_23_06 5, 13, 1, 9, 6, 14
5_3_02 2, 10, 14, 6, 11
2_18_14 4, 12
5_24_16 10, 2, 6, 14, 15
7_20_02 2, 10, 14, 6, 7, 15, 3
3_17_02 2, 10, 14
1_31_08 16
8_25_06 6, 14, 2, 10, 7, 15, 3, 11
2_25_04 5, 13
1_25_10 8
5_23_02 3, 11, 15, 7, 12
1_27_18 4
1_27_00 11
6_12_02 4, 12, 16, 8, 1, 9
7_26_20 13, 5, 9, 1, 10, 2, 6
5_28_10 8, 16, 4, 12, 13
8_2_14 8, 16, 4, 12, 9, 1, 5, 13
6_9_08 7, 15, 3, 11, 8, 16
4_7_04 4, 12, 16, 8
7_22_18 11, 3, 7, 15, 8, 16, 4
7_10_18 12, 4, 8, 16, 9, 1, 5
2_4_08 1, 9
3_17_14 8, 16, 4
1_30_04 2
6_31_20 14, 6, 10, 2, 11, 3
5_4_18 10, 2, 6, 14, 15
7_20_22 12, 4, 8, 16, 1, 9, 13
2_13_14 11, 3
7_31_14 11, 3, 7, 15, 16, 8, 12
8_19_18 10, 2, 6, 14, 11, 3, 7, 15
6_30_14 11, 3, 7, 15, 4, 12
5_12_14 10, 2, 6, 14, 15
6_2_00 1, 9, 13, 5, 14, 6
5_20_20 11, 3, 7, 15, 16
3_13_18 13, 5, 9
1_28_10 12
6_2_08 5, 13, 1, 9, 2, 10
3_10_12 5, 13, 1
8_13_02 5, 13, 1, 9, 2, 10, 14, 6
6_13_04 6, 14, 2, 10, 3, 11
8_14_14 11, 3, 7, 15, 8, 16, 4, 12
3_25_12 9, 1, 5
5_28_04 5, 13, 1, 9, 10
1_6_08 2
5_17_14 8, 16, 4, 12, 9
7_21_12 8, 16, 4, 12, 9, 1, 5
2_29_10 9, 1
5_3_04 3, 11, 15, 7, 12
7_4_18 10, 2, 6, 14, 15, 7, 11
4_4_16 9, 1, 5, 13
8_12_00 3, 11, 15, 7, 4, 12, 16, 8
6_10_22 14, 6, 10, 2, 11, 3
4_9_14 10, 2, 6, 14
8_19_18 10, 2, 6, 14, 11, 3, 7, 15
7_16_04 6, 14, 2, 10, 7, 15, 3
1_3_20 3
5_24_12 8, 16, 4, 12, 13
4_24_12 8, 16, 4, 12
3_1_08 5, 13, 1
4_10_18 12, 4, 8, 16
6_28_14 10, 2, 6, 14, 7, 15
7_17_00 1, 9, 13, 5, 2, 10, 14
4_28_00 3, 11, 15, 7
8_5_16 10, 2, 6, 14, 11, 3, 7, 15
6_27_18 12, 4, 8, 16, 13, 5
4_20_16 9, 1, 5, 13
2_25_02 4, 12
7_27_16 11, 3, 7, 15, 4, 12, 16
1_24_10 11
6_19_10 6, 14, 2, 10, 7, 15
8_5_16 10, 2, 6, 14, 11, 3, 7, 15
7_27_06 6, 14, 2, 10, 15, 7, 11
2_26_00 15, 7
3_16_16 8, 16, 12
5_11_18 12, 4, 8, 16, 5
2_1_00 1, 9
8_3_12 7, 15, 3, 11, 8, 16, 4, 12
5_13_10 9, 1, 5, 13, 6
6_30_06 7, 15, 3, 11, 16, 8
1_24_22 1
8_13_04 6, 14, 2, 10, 3, 11, 15, 7
7_11_22 14, 6, 10, 2, 7, 15, 3
1_6_06 1
4_4_12 7, 15, 3, 11
1_16_18 1
5_8_02 3, 11, 15, 7, 8
7_16_10 9, 1, 5, 13, 10, 2, 6
2_1_06 4, 12
7_12_06 6, 14, 2, 10, 11, 3, 7
1_29_22 15
5_11_10 8, 16, 4, 12, 1
5_30_08 8, 16, 4, 12, 1
1_22_06 1
7_22_22 13, 5, 9, 1, 10, 2, 6
7_29_00 4, 12, 16, 8, 1, 9, 13
7_27_06 6, 14, 2, 10, 15, 7, 11
8_12_06 6, 14, 2, 10, 7, 15, 3, 11
2_2_22 8, 16
6_30_20 14, 6, 10, 2, 7, 15
3_3_16 9, 1, 13
7_23_14 9, 1, 5, 13, 2, 10, 14
3_8_04 16, 8, 4
8_22_00 2, 10, 14, 6, 3, 11, 15, 7
5_5_12 8, 16, 4, 12, 9
5_16_14 11, 3, 7, 15, 12
7_8_02 3, 11, 15, 7, 8, 16, 4
8_2_18 10, 2, 6, 14, 11, 3, 7, 15
8_2_08 5, 13, 1, 9, 6, 14, 2, 10
3_13_20 14, 6, 10
5_14_14 11, 3, 7, 15, 4
7_8_08 6, 14, 2, 10, 11, 3, 7
1_8_08 10
4_27_14 10, 2, 6, 14
1_15_10 1
1_30_04 2
4_13_12 10, 2, 6, 14
6_31_22 15, 7, 11, 3, 12, 4
8_28_14 10, 2, 6, 14, 11, 3, 7, 15
4_16_06 7, 15, 3, 11
4_30_16 12, 4, 8, 16
6_1_20 11, 3, 7, 15, 12, 4
4_10_08 7, 15, 3, 11
7_26_12 9, 1, 5, 13, 6, 14, 2
5_22_20 12, 4, 8, 16, 9
6_4_22 12, 4, 8, 16, 9, 1
3_7_20 12, 4, 16
3_28_20 9, 1, 13
2_14_06 3, 11
7_16_00 4, 12, 16, 8, 5, 13, 1
2_25_00 3, 11
8_8_18 11, 3, 7, 15, 12, 4, 8, 16
8_28_12 9, 1, 5, 13, 10, 2, 6, 14
5_27_20 13, 5, 9, 1, 6
3_8_04 16, 8, 4
1_2_14 4
1_18_10 2
5_1_14 8, 16, 4, 12, 9
6_4_12 7, 15, 3, 11, 4, 12
6_26_10 8, 16, 4, 12, 5, 13
1_21_06 5
4_28_00 3, 11, 15, 7
7_11_04 5, 13, 1, 9, 14, 6, 10
1_25_12 9
2_24_18 7, 15
3_20_10 2, 10, 6
2_15_10 9, 1
7_12_22 14, 6, 10, 2, 3, 11, 15
4_9_06 6, 14, 2, 10
5_20_14 8, 16, 4, 12, 13
7_9_20 13, 5, 9, 1, 14, 6, 10
3_11_18 12, 4, 16
5_1_02 2, 10, 14, 6, 3
5_2_18 10, 2, 6, 14, 7
6_20_12 7, 15, 3, 11, 4, 12
8_24_06 5, 13, 1, 9, 6, 14, 2, 10
1_30_18 9
1_3_18 2
4_9_02 4, 12, 16, 8
6_5_08 6, 14, 2, 10, 7, 15
8_6_22 13, 5, 9, 1, 14, 6, 10, 2
7_23_14 9, 1, 5, 13, 2, 10, 14
8_29_18 13, 5, 9, 1, 10, 2, 6, 14
3_3_06 4, 12, 8
8_9_22 14, 6, 10, 2, 15, 7, 11, 3
1_25_10 8
7_8_16 10, 2, 6, 14, 15, 7, 11
7_4_22 12, 4, 8, 16, 1, 9, 13
3_8_02 15, 7, 3
6_29_04 6, 14, 2, 10, 3, 11
7_25_04 5, 13, 1, 9, 6, 14, 2
7_29_12 10, 2, 6, 14, 7, 15, 3
7_25_06 6, 14, 2, 10, 7, 15, 3
4_6_22 13, 5, 9, 1
3_20_16 5, 13, 9
7_13_00 4, 12, 16, 8, 1, 9, 13
7_9_16 11, 3, 7, 15, 12, 4, 8
4_3_06 4, 12, 16, 8
3_29_16 12, 4, 8
5_15_08 8, 16, 4, 12, 13
6_17_20 11, 3, 7, 15, 12, 4
2_27_02 4, 12
1_17_18 10
1_24_22 1
7_30_18 13, 5, 9, 1, 6, 14, 2
6_22_04 4, 12, 16, 8, 1, 9
8_27_22 14, 6, 10, 2, 15, 7, 11, 3
8_14_04 6, 14, 2, 10, 3, 11, 15, 7
5_6_06 5, 13, 1, 9, 2
6_11_02 4, 12, 16, 8, 5, 13
4_27_04 5, 13, 1, 9
4_23_14 9, 1, 5, 13
1_8_22 1
8_5_00 2, 10, 14, 6, 3, 11, 15, 7
8_17_18 10, 2, 6, 14, 11, 3, 7, 15
5_12_20 13, 5, 9, 1, 2
8_22_16 10, 2, 6, 14, 11, 3, 7, 15
6_29_04 6, 14, 2, 10, 3, 11
5_31_00 4, 12, 16, 8, 9
4_21_20 12, 4, 8, 16
3_5_18 11, 3, 7
4_3_06 4, 12, 16, 8
6_27_08 7, 15, 3, 11, 8, 16
7_13_06 7, 15, 3, 11, 4, 12, 16
6_10_18 12, 4, 8, 16, 9, 1
2_15_14 11, 3
2_7_20 12, 4
6_13_10 9, 1, 5, 13, 6, 14
8_29_22 15, 7, 11, 3, 12, 4, 8, 16
3_11_22 14, 6, 2
6_18_14 8, 16, 4, 12, 5, 13
4_7_20 12, 4, 8, 16
7_24_00 2, 10, 14, 6, 7, 15, 3
2_31_16 12, 4
5_21_06 5, 13, 1, 9, 6
3_16_00 16, 8, 4
3_9_20 13, 5, 9
4_16_10 9, 1, 5, 13
7_6_14 9, 1, 5, 13, 6, 14, 2
8_11_22 14, 6, 10, 2, 15, 7, 11, 3
7_13_16 12, 4, 8, 16, 9, 1, 5
1_2_10 2
7_3_06 4, 12, 16, 8, 13, 5, 9
5_16_14 11, 3, 7, 15, 12
8_12_08 7, 15, 3, 11, 8, 16, 4, 12
8_12_10 8, 16, 4, 12, 9, 1, 5, 13
6_27_16 11, 3, 7, 15, 12, 4
4_27_00 3, 11, 15, 7
6_21_14 9, 1, 5, 13, 10, 2
3_8_08 2, 10, 6
5_20_20 11, 3, 7, 15, 16
4_22_20 12, 4, 8, 16
4_20_10 6, 14, 2, 10
8_2_08 5, 13, 1, 9, 6, 14, 2, 10
5_6_12 8, 16, 4, 12, 5
6_16_06 7, 15, 3, 11, 16, 8
3_15_18 13, 5, 1
5_18_08 5, 13, 1, 9, 2
4_24_18 11, 3, 7, 15
8_21_10 7, 15, 3, 11, 8, 16, 4, 12
7_26_00 3, 11, 15, 7, 16, 8, 12
1_18_08 1
7_31_14 11, 3, 7, 15, 16, 8, 12
6_26_02 4, 12, 16, 8, 1, 9
5_12_08 7, 15, 3, 11, 12
1_3_06 12
5_17_22 12, 4, 8, 16, 13
7_28_10 8, 16, 4, 12, 13, 5, 9
8_21_02 3, 11, 15, 7, 4, 12, 16, 8
7_10_18 12, 4, 8, 16, 9, 1, 5
4_30_14 11, 3, 7, 15
7_9_00 3, 11, 15, 7, 4, 12, 16
8_27_14 10, 2, 6, 14, 11, 3, 7, 15
7_19_12 7, 15, 3, 11, 16, 8, 12
2_17_06 4, 12
2_5_16 10, 2
3_3_20 11, 3, 15
2_11_10 8, 16
7_7_12 8, 16, 4, 12, 1, 9, 13
8_7_00 2, 10, 14, 6, 3, 11, 15, 7
5_29_16 12, 4, 8, 16, 9
4_28_20 13, 5, 9, 1
1_22_08 2
1_25_20 13
2_26_16 7, 15
1_24_18 15
8_24_22 13, 5, 9, 1, 14, 6, 10, 2
5_21_06 5, 13, 1, 9, 6
4_22_06 5, 13, 1, 9
1_4_22 16
6_11_16 11, 3, 7, 15, 12, 4
3_8_12 4, 12, 8
3_20_06 16, 8, 4
5_24_20 12, 4, 8, 16, 1
6_13_04 6, 14, 2, 10, 3, 11
8_15_08 8, 16, 4, 12, 5, 13, 1, 9
1_22_20 8
1_7_10 15
7_20_20 11, 3, 7, 15, 16, 8, 12
2_3_20 11, 3
3_14_14 7, 15, 3
7_26_04 5, 13, 1, 9, 2, 10, 14
7_11_18 12, 4, 8, 16, 5, 13, 1
3_15_16 12, 4, 16
5_17_12 7, 15, 3, 11, 8
4_10_08 7, 15, 3, 11
8_8_04 4, 12, 16, 8, 5, 13, 1, 9
4_23_06 5, 13, 1, 9
6_1_04 3, 11, 15, 7, 4, 12
8_7_10 7, 15, 3, 11, 8, 16, 4, 12
7_24_16 10, 2, 6, 14, 15, 7, 11
8_5_00 2, 10, 14, 6, 3, 11, 15, 7
4_1_10 6, 14, 2, 10
6_19_20 11, 3, 7, 15, 12, 4
6_25_04 5, 13, 1, 9, 6, 14
2_3_12 7, 15
1_18_00 13
6_27_18 12, 4, 8, 16, 13, 5
4_25_22 14, 6, 10, 2
8_1_12 7, 15, 3, 11, 8, 16, 4, 12
2_16_14 7, 15
8_30_16 12, 4, 8, 16, 9, 1, 5, 13
4_18_16 9, 1, 5, 13
3_30_14 7, 15, 3
8_15_06 7, 15, 3, 11, 4, 12, 16, 8
6_31_08 8, 16, 4, 12, 5, 13
7_19_02 2, 10, 14, 6, 11, 3, 7
8_20_14 8, 16, 4, 12, 9, 1, 5, 13
7_27_16 11, 3, 7, 15, 4, 12, 16
4_28_06 6, 14, 2, 10
5_2_20 11, 3, 7, 15, 8
3_17_10 6, 14, 2
5_2_22 12, 4, 8, 16, 9
8_27_08 7, 15, 3, 11, 8, 16, 4, 12
6_30_14 11, 3, 7, 15, 4, 12
5_30_08 8, 16, 4, 12, 1
7_28_20 13, 5, 9, 1, 2, 10, 14
3_22_02 15, 7, 11
6_31_14 11, 3, 7, 15, 8, 16
8_12_12 9, 1, 5, 13, 10, 2, 6, 14
5_14_14 11, 3, 7, 15, 4
2_9_06 6, 14
1_31_20 6
4_23_04 4, 12, 16, 8
5_22_02 3, 11, 15, 7, 16
6_22_08 6, 14, 2, 10, 3, 11
8_21_10 7, 15, 3, 11, 8, 16, 4, 12
8_7_16 10, 2, 6, 14, 11, 3, 7, 15
5_2_16 9, 1, 5, 13, 6
1_12_00 7
1_19_12 15
2_10_08 3, 11
5_7_12 8, 16, 4, 12, 1
6_21_18 11, 3, 7, 15, 12, 4
6_14_20 14, 6, 10, 2, 7, 15
5_22_20 12, 4, 8, 16, 9
6_13_02 5, 13, 1, 9, 2, 10
5_18_18 10, 2, 6, 14, 7
5_26_20 13, 5, 9, 1, 10
5_21_10 7, 15, 3, 11, 8
5_21_20 12, 4, 8, 16, 13
3_23_10 7, 15, 11
5_5_18 11, 3, 7, 15, 12
6_18_14 8, 16, 4, 12, 5, 13
6_20_18 10, 2, 6, 14, 7, 15
7_14_16 12, 4, 8, 16, 5, 13, 1
8_25_00 3, 11, 15, 7, 4, 12, 16, 8
5_31_16 12, 4, 8, 16, 1
6_26_20 13, 5, 9, 1, 10, 2
4_10_08 7, 15, 3, 11
2_14_20 10, 2
4_25_12 9, 1, 5, 13
3_2_00 13, 5, 9
6_26_18 12, 4, 8, 16, 9, 1
2_1_22 12, 4
6_9_16 11, 3, 7, 15, 12, 4
5_26_02 4, 12, 16, 8, 1
8_21_10 7, 15, 3, 11, 8, 16, 4, 12
6_5_18 11, 3, 7, 15, 12, 4
7_9_12 9, 1, 5, 13, 10, 2, 6
7_1_06 4, 12, 16, 8, 5, 13, 1
3_9_22 14, 6, 10
6_13_00 4, 12, 16, 8, 1, 9
1_20_10 10
6_8_06 5, 13, 1, 9, 2, 10
6_15_18 13, 5, 9, 1, 10, 2
6_3_04 3, 11, 15, 7, 4, 12
8_8_06 5, 13, 1, 9, 6, 14, 2, 10
7_27_00 3, 11, 15, 7, 12, 4, 8
5_5_12 8, 16, 4, 12, 9
4_20_02 2, 10, 14, 6
2_28_12 5, 13
1_17_02 2
6_29_08 8, 16, 4, 12, 5, 13
7_7_08 6, 14, 2, 10, 15, 7, 11
5_13_20 14, 6, 10, 2, 11
6_17_16 9, 1, 5, 13, 10, 2
4_6_18 11, 3, 7, 15
2_17_12 7, 15
4_23_02 3, 11, 15, 7
8_20_14 8, 16, 4, 12, 9, 1, 5, 13
3_21_14 9, 1, 5
8_6_14 9, 1, 5, 13, 10, 2, 6, 14
8_10_18 12, 4, 8, 16, 13, 5, 9, 1
2_20_12 3, 11
6_22_16 10, 2, 6, 14, 7, 15
1_2_10 2
7_2_10 6, 14, 2, 10, 3, 11, 15
2_15_06 7, 15
1_15_06 15
5_14_22 15, 7, 11, 3, 8
1_6_22 9
5_20_20 11, 3, 7, 15, 16
8_17_18 10, 2, 6, 14, 11, 3, 7, 15
5_11_08 7, 15, 3, 11, 16
1_12_04 9
5_29_18 13, 5, 9, 1, 10
6_12_22 14, 6, 10, 2, 11, 3
4_25_10 8, 16, 4, 12
2_22_12 4, 12
4_7_14 9, 1, 5, 13
6_14_08 8, 16, 4, 12, 1, 9
4_30_12 10, 2, 6, 14
3_19_16 9, 1, 13
1_3_06 12
5_29_16 12, 4, 8, 16, 9
1_30_16 8
8_31_14 11, 3, 7, 15, 8, 16, 4, 12
4_12_22 14, 6, 10, 2
5_19_22 12, 4, 8, 16, 5
7_23_02 3, 11, 15, 7, 12, 4, 8
5_2_00 1, 9, 13, 5, 14
3_16_16 8, 16, 12
5_8_04 4, 12, 16, 8, 9
5_7_08 6, 14, 2, 10, 15
3_23_22 13, 5, 1
1_13_18 13
2_16_18 9, 1
2_23_10 7, 15
1_14_20 10
3_10_08 3, 11, 15
4_23_02 3, 11, 15, 7
6_19_02 2, 10, 14, 6, 3, 11
7_20_06 4, 12, 16, 8, 9, 1, 5
4_8_20 12, 4, 8, 16
7_4_20 11, 3, 7, 15, 16, 8, 12
8_19_22 12, 4, 8, 16, 13, 5, 9, 1
3_18_02 14, 6, 10
1_26_00 15
5_21_08 6, 14, 2, 10, 7
5_20_02 2, 10, 14, 6, 7
4_11_00 3, 11, 15, 7
5_26_00 3, 11, 15, 7, 16
8_22_00 2, 10, 14, 6, 3, 11, 15, 7
8_29_02 5, 13, 1, 9, 2, 10, 14, 6
3_4_14 4, 12, 8
2_14_22 11, 3
5_11_18 12, 4, 8, 16, 5
4_19_12 7, 15, 3, 11
5_15_12 10, 2, 6, 14, 15
2_2_10 2, 10
1_20_02 6
1_29_02 5
4_27_00 3, 11, 15, 7
2_14_16 8, 16
8_27_02 4, 12, 16, 8, 5, 13, 1, 9
1_9_14 10
8_17_12 7, 15, 3, 11, 8, 16, 4, 12
7_1_18 10, 2, 6, 14, 11, 3, 7
7_20_06 4, 12, 16, 8, 9, 1, 5
2_8_10 3, 11
8_9_20 13, 5, 9, 1, 14, 6, 10, 2
6_27_18 12, 4, 8, 16, 13, 5
3_17_16 9, 1, 5
3_24_14 5, 13, 9
6_14_06 7, 15, 3, 11, 16, 8
2_4_12 3, 11
8_21_02 3, 11, 15, 7, 4, 12, 16, 8
2_16_20 10, 2
2_28_00 15, 7
1_13_18 13
6_17_06 4, 12, 16, 8, 5, 13
1_17_04 3
4_31_22 15, 7, 11, 3
5_1_06 4, 12, 16, 8, 5
8_22_08 6, 14, 2, 10, 7, 15, 3, 11
5_30_14 11, 3, 7, 15, 4
4_4_10 6, 14, 2, 10
4_12_16 11, 3, 7, 15
8_22_04 4, 12, 16, 8, 5, 13, 1, 9
2_6_18 7, 15
4_8_00 2, 10, 14, 6
1_7_14 1
8_29_14 11, 3, 7, 15, 8, 16, 4, 12
2_6_20 8, 16
4_8_04 4, 12, 16, 8
4_28_20 13, 5, 9, 1
2_23_14 9, 1
6_20_16 9, 1, 5, 13, 6, 14
2_7_04 4, 12
1_13_22 15
6_4_08 5, 13, 1, 9, 2, 10
4_20_16 9, 1, 5, 13
4_7_06 5, 13, 1, 9
2_2_20 7, 15
4_25_04 5, 13, 1, 9
4_24_18 11, 3, 7, 15
2_25_14 10, 2
5_11_02 4, 12, 16, 8, 13
6_31_22 15, 7, 11, 3, 12, 4
8_31_04 6, 14, 2, 10, 3, 11, 15, 7
3_14_14 7, 15, 3
4_12_04 5, 13, 1, 9
1_1_22 12
5_25_08 7, 15, 3, 11, 8
5_21_04 4, 12, 16, 8, 5
8_30_10 9, 1, 5, 13, 6, 14, 2, 10
5_26_20 13, 5, 9, 1, 10
5_23_04 4, 12, 16, 8, 13
1_14_04 2
8_12_10 8, 16, 4, 12, 9, 1, 5, 13
1_28_08 11
4_5_16 10, 2, 6, 14
8_30_08 8, 16, 4, 12, 5, 13, 1, 9
6_18_18 10, 2, 6, 14, 7, 15
6_22_08 6, 14, 2, 10, 3, 11
7_26_16 11, 3, 7, 15, 8, 16, 4
4_28_20 13, 5, 9, 1
8_18_22 12, 4, 8, 16, 13, 5, 9, 1
5_3_00 1, 9, 13, 5, 10
4_28_20 13, 5, 9, 1
8_19_04 3, 11, 15, 7, 4, 12, 16, 8
1_7_04 12
4_9_22 14, 6, 10, 2
3_13_18 13, 5, 9
2_4_22 8, 16
6_1_04 3, 11, 15, 7, 4, 12
6_4_02 2, 10, 14, 6, 15, 7
5_18_14 8, 16, 4, 12, 5
6_21_10 7, 15, 3, 11, 8, 16
6_25_00 3, 11, 15, 7, 4, 12
6_20_20 11, 3, 7, 15, 8, 16
1_24_20 16
4_22_00 2, 10, 14, 6
7_18_06 4, 12, 16, 8, 1, 9, 13
2_1_06 4, 12
4_30_20 14, 6, 10, 2
8_13_10 9, 1, 5, 13, 6, 14, 2, 10
7_26_14 10, 2, 6, 14, 7, 15, 3
7_21_12 8, 16, 4, 12, 9, 1, 5
7_13_02 5, 13, 1, 9, 2, 10, 14
8_30_16 12, 4, 8, 16, 9, 1, 5, 13
3_19_00 1, 9, 5
2_29_10 9, 1
1_4_18 14
4_7_22 13, 5, 9, 1
1_3_08 13
1_16_08 12
1_5_06 5
8_6_06 5, 13, 1, 9, 6, 14, 2, 10
7_13_20 14, 6, 10, 2, 11, 3, 7
8_5_22 13, 5, 9, 1, 14, 6, 10, 2
8_7_04 4, 12, 16, 8, 5, 13, 1, 9
1_20_12 11
4_12_18 12, 4, 8, 16
1_17_10 6
7_23_10 7, 15, 3, 11, 16, 8, 12
6_14_02 5, 13, 1, 9, 14, 6
5_26_12 9, 1, 5, 13, 6
3_2_12 3, 11, 15
8_29_14 11, 3, 7, 15, 8, 16, 4, 12
2_1_04 3, 11
7_6_08 6, 14, 2, 10, 3, 11, 15
1_21_20 12
3_18_12 3, 11, 15
4_9_12 9, 1, 5, 13
8_8_22 13, 5, 9, 1, 14, 6, 10, 2
6_13_10 9, 1, 5, 13, 6, 14
4_5_18 11, 3, 7, 15
4_14_00 4,12, 16, 8
4_29_18 13, 5, 9, 1
2_31_06 7, 15
8_10_06 6, 14, 2, 10, 7, 15, 3, 11
1_25_16 11
7_24_06 5, 13, 1, 9, 10, 2, 6
4_6_08 6, 14, 2, 10
3_27_12 9, 1, 13
3_11_20 13, 5, 1
3_13_20 14, 6, 10
2_25_06 6, 14
7_26_06 6, 14, 2, 10, 3, 11, 15
3_9_06 6, 14, 2
2_21_06 5, 13
1_20_12 11
3_2_22 8, 16, 4
7_30_12 10, 2, 6, 14, 3, 11, 15
5_1_14 8, 16, 4, 12, 9
2_14_14 7, 15
4_8_00 2, 10, 14, 6
1_20_12 11
4_14_06 7, 15, 3, 11
7_20_06 4, 12, 16, 8, 9, 1, 5
1_5_20 12
4_17_20 11, 3, 7, 15
7_2_14 8, 16, 4, 12, 5, 13, 1
4_16_14 11, 3, 7, 15
2_12_22 10, 2
5_10_06 6, 14, 2, 10, 3
8_25_08 7, 15, 3, 11, 8, 16, 4, 12
4_22_06 5, 13, 1, 9
5_20_20 11, 3, 7, 15, 16
5_16_10 9, 1, 5, 13, 10
1_24_18 15
5_23_08 6, 14, 2, 10, 15
5_3_22 12, 4, 8, 16, 5
2_23_14 9, 1
5_4_04 3, 11, 15, 7, 8
2_16_18 9, 1
6_31_22 15, 7, 11, 3, 12, 4
4_15_18 13, 5, 9, 1
2_3_00 1, 9
6_15_10 9, 1, 5, 13, 6, 14
3_11_06 6, 14, 10
8_21_10 7, 15, 3, 11, 8, 16, 4, 12
7_17_18 10, 2, 6, 14, 11, 3, 7
6_16_12 10, 2, 6, 14, 3, 11
4_23_14 9, 1, 5, 13
7_12_18 12, 4, 8, 16, 1, 9, 13
5_30_16 12, 4, 8, 16, 5
3_27_04 5, 13, 9
8_15_12 10, 2, 6, 14, 7, 15, 3, 11
6_9_10 8, 16, 4, 12, 9, 1
4_6_08 6, 14, 2, 10
1_29_12 10
6_21_14 9, 1, 5, 13, 10, 2
4_26_06 6, 14, 2, 10
6_6_18 11, 3, 7, 15, 8, 16
7_20_00 1, 9, 13, 5, 6, 14, 2
5_2_18 10, 2, 6, 14, 7
6_18_10 6, 14, 2, 10, 3, 11
4_8_04 4, 12, 16, 8
5_31_10 9, 1, 5, 13, 14
1_4_16 13
5_10_04 5, 13, 1, 9, 2
3_31_02 5, 13, 9
8_9_10 8, 16, 4, 12, 9, 1, 5, 13
7_2_18 10, 2, 6, 14, 7, 15, 3
1_26_10 4
1_20_16 13
6_22_16 10, 2, 6, 14, 7, 15
4_22_00 2, 10, 14, 6
7_23_16 10, 2, 6, 14, 3, 11, 15
1_1_02 2
1_4_18 14
7_7_04 4, 12, 16, 8, 13, 5, 9
5_12_14 10, 2, 6, 14, 15
5_8_12 8, 16, 4, 12, 13
2_3_20 11, 3
2_5_00 2, 10
7_16_14 11, 3, 7, 15, 12, 4, 8
6_30_14 11, 3, 7, 15, 4, 12
4_22_18 11, 3, 7, 15
1_28_18 16
8_19_00 1, 9, 13, 5, 2, 10, 14, 6
5_7_16 10, 2, 6, 14, 3
3_3_14 8, 16, 12
4_20_00 1, 9, 13, 5
1_31_02 13
2_31_18 13, 5
7_20_10 6, 14, 2, 10, 11, 3, 7
8_5_14 9, 1, 5, 13, 10, 2, 6, 14
2_13_16 12, 4
6_6_12 8, 16, 4, 12, 5, 13
5_23_22 13, 5, 9, 1, 6
5_16_14 11, 3, 7, 15, 12
8_9_04 5, 13, 1, 9, 6, 14, 2, 10
3_2_00 13, 5, 9
6_19_18 10, 2, 6, 14, 11, 3
8_16_20 14, 6, 10, 2, 11, 3, 7, 15
4_15_06 7, 15, 3, 11
7_6_08 6, 14, 2, 10, 3, 11, 15
6_19_18 10, 2, 6, 14, 11, 3
5_8_14 9, 1, 5, 13, 14
1_25_02 4
8_1_02 2, 10, 14, 6, 3, 11, 15, 7
4_1_08 5, 13, 1, 9
6_25_16 11, 3, 7, 15, 12, 4
4_28_00 3, 11, 15, 7
8_20_10 6, 14, 2, 10, 7, 15, 3, 11
4_8_20 12, 4, 8, 16
5_5_20 12, 4, 8, 16, 13
6_16_08 8, 16, 4, 12, 1, 9
4_18_08 5, 13, 1, 9
5_8_04 4, 12, 16, 8, 9
8_29_14 11, 3, 7, 15, 8, 16, 4, 12
3_31_06 7, 15, 11
7_13_16 12, 4, 8, 16, 9, 1, 5
4_5_20 12, 4, 8, 16
1_26_12 5
3_27_06 6, 14, 10
8_13_10 9, 1, 5, 13, 6, 14, 2, 10
3_12_04 1, 9, 5
5_1_00 1, 9, 13, 5, 2
3_31_04 6, 14, 10
7_7_14 9, 1, 5, 13, 2, 10, 14
7_18_22 12, 4, 8, 16, 9, 1, 5
8_21_04 4, 12, 16, 8, 5, 13, 1, 9
5_22_16 10, 2, 6, 14, 7
2_23_18 11, 3
7_30_16 12, 4, 8, 16, 5, 13, 1
8_9_10 8, 16, 4, 12, 9, 1, 5, 13
8_18_04 3, 11, 15, 7, 4, 12, 16, 8
1_27_08 15
4_24_20 12, 4, 8, 16
3_25_04 5, 13, 1
1_10_10 4
1_31_18 5
2_18_04 15, 7
5_18_22 12, 4, 8, 16, 9
1_27_20 5
2_25_02 4, 12
4_30_22 15, 7, 11, 3
5_20_02 2, 10, 14, 6, 7
2_7_16 10, 2
1_8_12 12
7_11_00 3, 11, 15, 7, 12, 4, 8
4_9_04 5, 13, 1, 9
3_1_08 5, 13, 1
6_29_02 5, 13, 1, 9, 2, 10
6_21_22 13, 5, 9, 1, 14, 6
4_25_06 6, 14, 2, 10
2_1_14 8, 16
6_20_10 6, 14, 2, 10, 3, 11
7_21_02 3, 11, 15, 7, 4, 12, 16
8_7_18 11, 3, 7, 15, 12, 4, 8, 16
3_28_10 4, 12, 8
8_21_02 3, 11, 15, 7, 4, 12, 16, 8
1_24_04 8
4_8_08 6, 14, 2, 10
2_31_12 10, 2
5_21_22 13, 5, 9, 1, 14
3_13_20 14, 6, 10
2_7_08 6, 14
4_4_10 6, 14, 2, 10
7_14_14 11, 3, 7, 15, 4, 12, 16
6_24_00 2, 10, 14, 6, 15, 7
1_20_16 13
8_16_12 10, 2, 6, 14, 7, 15, 3, 11
3_7_14 9, 1, 13
5_9_06 6, 14, 2, 10, 7
3_24_18 7, 15, 11
5_20_12 7, 15, 3, 11, 12
6_8_16 10, 2, 6, 14, 7, 15
8_17_08 5, 13, 1, 9, 6, 14, 2, 10
8_11_10 8, 16, 4, 12, 9, 1, 5, 13
3_15_00 4,12, 8
1_24_12 12
1_31_08 16
5_2_20 11, 3, 7, 15, 8
5_7_20 12, 4, 8, 16, 5
6_17_12 7, 15, 3, 11, 8, 16
6_24_12 8, 16, 4, 12, 5, 13
4_12_18 12, 4, 8, 16
8_22_12 8, 16, 4, 12, 9, 1, 5, 13
8_17_08 5, 13, 1, 9, 6, 14, 2, 10
5_27_14 10, 2, 6, 14, 3
1_30_02 1
5_22_16 10, 2, 6, 14, 7
6_20_08 5, 13, 1, 9, 2, 10
7_13_06 7, 15, 3, 11, 4, 12, 16
2_27_16 11, 3
2_10_12 5, 13
3_3_12 7, 15, 11
4_8_12 8, 16, 4, 12
6_22_06 5, 13, 1, 9, 2, 10
1_6_10 3
3_20_14 4, 12, 8
2_11_12 9, 1
1_26_10 4
2_5_12 8, 16
6_20_16 9, 1, 5, 13, 6, 14
1_24_08 10
7_19_22 12, 4, 8, 16, 5, 13, 1
4_2_18 10, 2, 6, 14
5_7_10 7, 15, 3, 11, 16
4_23_22 13, 5, 9, 1
4_4_04 3, 11, 15, 7
4_7_20 12, 4, 8, 16
4_5_04 4, 12, 16, 8
7_28_22 14, 6, 10, 2, 3, 11, 15
5_19_06 4, 12, 16, 8, 13
7_5_02 3, 11, 15, 7, 4, 12, 16
1_9_20 13
8_25_06 6, 14, 2, 10, 7, 15, 3, 11
7_14_22 15, 7, 11, 3, 8, 16, 4
6_26_14 10, 2, 6, 14, 7, 15
1_9_10 8
1_2_20 7
4_5_16 10, 2, 6, 14
6_3_00 1, 9, 13, 5, 2, 10
6_25_06 6, 14, 2, 10, 7, 15
4_1_22 12, 4, 8, 16
2_17_10 6, 14
2_16_14 7, 15
6_23_04 4, 12, 16, 8, 5, 13
4_20_22 12, 4, 8, 16
3_19_20 11, 3, 15
5_27_22 14, 6, 10, 2, 7
6_9_12 9, 1, 5, 13, 10, 2
2_12_00 15, 7
8_18_22 12, 4, 8, 16, 13, 5, 9, 1
4_18_04 3, 11, 15, 7
5_5_20 12, 4, 8, 16, 13
8_4_20 11, 3, 7, 15, 12, 4, 8, 16
4_21_14 9, 1, 5, 13
5_1_00 1, 9, 13, 5, 2
7_17_04 3, 11, 15, 7, 4, 12, 16
2_31_06 7, 15
1_5_22 13
7_1_22 12, 4, 8, 16, 13, 5, 9
3_3_04 3, 11, 7
3_29_12 10, 2, 6