1_10_12 5
5_14_12 10, 2, 6, 14, 3
4_11_18 12, 4, 8, 16
8_15_10 9, 1, 5, 13, 6, 14, 2, 10
4_7_22 13, 5, 9, 1
6_27_02 4, 12, 16, 8, 5, 13
2_11_16 11, 3
7_4_12 7, 15, 3, 11, 12, 4, 8
8_9_02 4, 12, 16, 8, 5, 13, 1, 9
2_26_00 15, 7
4_7_22 13, 5, 9, 1
7_19_08 5, 13, 1, 9, 14, 6, 10
8_5_16 10, 2, 6, 14, 11, 3, 7, 15
8_6_18 11, 3, 7, 15, 12, 4, 8, 16
4_15_04 6, 14, 2, 10
7_4_04 3, 11, 15, 7, 8, 16, 4
3_23_10 7, 15, 11
7_27_16 11, 3, 7, 15, 4, 12, 16
3_8_16 6, 14, 10
1_26_14 6
1_29_16 12
3_22_02 15, 7, 11
7_5_00 2, 10, 14, 6, 3, 11, 15
4_23_00 2, 10, 14, 6
5_19_10 6, 14, 2, 10, 15
6_13_02 5, 13, 1, 9, 2, 10
3_25_10 8, 16, 4
4_4_18 10, 2, 6, 14
3_5_14 9, 1, 5
2_27_14 10, 2
2_13_18 13, 5
5_25_18 12, 4, 8, 16, 13
2_13_00 4,12
5_6_04 4, 12, 16, 8, 1
5_25_02 4, 12, 16, 8, 5
4_26_06 6, 14, 2, 10
2_28_10 4, 12
7_29_18 13, 5, 9, 1, 10, 2, 6
7_30_12 10, 2, 6, 14, 3, 11, 15
2_15_08 8, 16
2_22_08 2, 10
7_23_12 8, 16, 4, 12, 1, 9, 13
2_28_18 8, 16
6_25_04 5, 13, 1, 9, 6, 14
1_29_22 15
4_22_10 7, 15, 3, 11
1_10_16 7
6_19_14 8, 16, 4, 12, 9, 1
1_31_02 13
1_23_10 15
5_23_00 2, 10, 14, 6, 11
1_26_10 4
3_11_00 3, 11, 7
4_31_22 15, 7, 11, 3
4_7_08 6, 14, 2, 10
4_5_02 3, 11, 15, 7
8_25_16 11, 3, 7, 15, 12, 4, 8, 16
1_22_10 3
8_17_10 6, 14, 2, 10, 7, 15, 3, 11
6_26_10 8, 16, 4, 12, 5, 13
7_4_08 5, 13, 1, 9, 10, 2, 6
4_29_02 5, 13, 1, 9
2_14_16 8, 16
2_7_18 11, 3
5_5_00 2, 10, 14, 6, 3
6_8_08 6, 14, 2, 10, 3, 11
3_25_08 7, 15, 3
6_31_14 11, 3, 7, 15, 8, 16
2_14_08 4, 12
6_1_12 7, 15, 3, 11, 8, 16
3_18_20 7, 15, 3
2_28_08 3, 11
1_6_08 2
7_13_04 6, 14, 2, 10, 3, 11, 15
4_4_12 7, 15, 3, 11
7_13_04 6, 14, 2, 10, 3, 11, 15
3_30_02 1, 9, 13
6_18_00 1, 9, 13, 5, 14, 6
5_13_04 6, 14, 2, 10, 3
6_1_10 6, 14, 2, 10, 7, 15
5_4_14 8, 16, 4, 12, 13
6_28_12 9, 1, 5, 13, 6, 14
3_9_00 3, 11, 15
5_28_08 7, 15, 3, 11, 12
6_28_16 11, 3, 7, 15, 8, 16
8_25_20 13, 5, 9, 1, 14, 6, 10, 2
3_8_02 15, 7, 3
1_30_14 7
6_8_16 10, 2, 6, 14, 7, 15
7_30_14 11, 3, 7, 15, 4, 12, 16
6_26_02 4, 12, 16, 8, 1, 9
4_19_08 5, 13, 1, 9
7_20_20 11, 3, 7, 15, 16, 8, 12
5_27_02 4, 12, 16, 8, 13
8_5_20 12, 4, 8, 16, 13, 5, 9, 1
4_2_04 3, 11, 15, 7
6_3_04 3, 11, 15, 7, 4, 12
7_26_20 13, 5, 9, 1, 10, 2, 6
6_13_14 11, 3, 7, 15, 8, 16
7_31_00 4, 12, 16, 8, 9, 1, 5
1_7_12 16
1_31_20 6
2_28_08 3, 11
7_13_08 8, 16, 4, 12, 5, 13, 1
8_2_00 1, 9, 13, 5, 2, 10, 14, 6
5_24_10 7, 15, 3, 11, 12
4_8_00 2, 10, 14, 6
7_24_02 3, 11, 15, 7, 8, 16, 4
1_2_02 14
4_29_16 12, 4, 8, 16
1_30_10 5
6_29_10 9, 1, 5, 13, 6, 14
1_19_22 4
8_9_16 11, 3, 7, 15, 12, 4, 8, 16
4_2_10 6, 14, 2, 10
1_14_06 3
6_18_10 6, 14, 2, 10, 3, 11
1_22_02 15
2_10_04 1, 9
8_15_10 9, 1, 5, 13, 6, 14, 2, 10
3_1_02 2, 10, 14
1_8_12 12
4_16_18 13, 5, 9, 1
1_23_20 4
5_12_04 5, 13, 1, 9, 10
6_1_08 5, 13, 1, 9, 6, 14
4_22_02 3, 11, 15, 7
1_7_04 12
5_27_18 12, 4, 8, 16, 5
4_24_06 5, 13, 1, 9
3_2_02 14, 6, 10
4_21_12 8, 16, 4, 12
8_15_08 8, 16, 4, 12, 5, 13, 1, 9
6_21_12 8, 16, 4, 12, 9, 1
4_7_14 9, 1, 5, 13
6_10_18 12, 4, 8, 16, 9, 1
2_26_08 3, 11
5_18_02 2, 10, 14, 6, 15
6_15_20 14, 6, 10, 2, 11, 3
4_20_20 11, 3, 7, 15
8_6_18 11, 3, 7, 15, 12, 4, 8, 16
2_4_12 3, 11
1_14_04 2
8_1_10 6, 14, 2, 10, 7, 15, 3, 11
4_16_04 6, 14, 2, 10
4_27_06 6, 14, 2, 10
1_3_16 1
2_17_16 9, 1
7_16_10 9, 1, 5, 13, 10, 2, 6
7_20_00 1, 9, 13, 5, 6, 14, 2
7_12_18 12, 4, 8, 16, 1, 9, 13
2_21_22 13, 5
3_17_02 2, 10, 14
3_17_14 8, 16, 4
2_21_14 9, 1
2_24_14 5, 13
3_24_04 16, 8, 4
8_10_16 11, 3, 7, 15, 12, 4, 8, 16
6_18_12 7, 15, 3, 11, 4, 12
7_7_06 5, 13, 1, 9, 14, 6, 10
8_6_18 11, 3, 7, 15, 12, 4, 8, 16
1_25_06 6
1_12_14 14
1_13_12 10
6_5_18 11, 3, 7, 15, 12, 4
2_24_18 7, 15
4_14_04 6, 14, 2, 10
7_18_16 9, 1, 5, 13, 6, 14, 2
6_8_10 7, 15, 3, 11, 4, 12
1_10_10 4
3_18_18 6, 14, 2
5_11_08 7, 15, 3, 11, 16
5_12_22 14, 6, 10, 2, 3
7_22_16 10, 2, 6, 14, 7, 15, 3
2_19_04 3, 11
2_8_00 14, 6
8_15_12 10, 2, 6, 14, 7, 15, 3, 11
1_16_08 12
3_28_10 4, 12, 8
7_28_14 10, 2, 6, 14, 15, 7, 11
3_15_16 12, 4, 16
4_5_20 12, 4, 8, 16
7_17_06 4, 12, 16, 8, 5, 13, 1
2_21_06 5, 13
2_2_22 8, 16
8_31_20 14, 6, 10, 2, 11, 3, 7, 15
3_10_20 9, 1, 5
3_27_14 10, 2, 14
4_4_02 2, 10, 14, 6
2_20_10 2, 10
5_28_06 6, 14, 2, 10, 11
7_13_02 5, 13, 1, 9, 2, 10, 14
5_12_12 9, 1, 5, 13, 14
6_16_16 12, 4, 8, 16, 5, 13
8_10_12 9, 1, 5, 13, 10, 2, 6, 14
1_24_22 1
5_4_08 5, 13, 1, 9, 10
4_18_02 2, 10, 14, 6
3_5_14 9, 1, 5
2_13_16 12, 4
1_24_04 8
1_27_00 11
3_22_20 8, 16, 4
5_16_22 15, 7, 11, 3, 16
4_28_04 5, 13, 1, 9
7_5_22 13, 5, 9, 1, 14, 6, 10
6_27_08 7, 15, 3, 11, 8, 16
4_1_06 4, 12, 16, 8
2_19_04 3, 11
8_19_14 8, 16, 4, 12, 9, 1, 5, 13
5_15_12 10, 2, 6, 14, 15
4_22_12 8, 16, 4, 12
7_5_12 8, 16, 4, 12, 9, 1, 5
8_4_08 5, 13, 1, 9, 6, 14, 2, 10
3_27_18 12, 4, 16
2_29_16 12, 4
2_11_20 13, 5
6_3_14 8, 16, 4, 12, 9, 1
4_23_14 9, 1, 5, 13
5_23_16 10, 2, 6, 14, 3
3_6_16 6, 14, 2
8_5_16 10, 2, 6, 14, 11, 3, 7, 15
2_5_14 9, 1
3_2_06 16, 8, 12
1_28_06 10
8_17_18 10, 2, 6, 14, 11, 3, 7, 15
5_20_00 1, 9, 13, 5, 6
1_8_20 16
8_21_20 12, 4, 8, 16, 13, 5, 9, 1
3_4_00 13, 5, 1
8_27_14 10, 2, 6, 14, 11, 3, 7, 15
2_30_18 9, 1
2_7_04 4, 12
5_5_06 5, 13, 1, 9, 6
4_25_14 10, 2, 6, 14
4_24_12 8, 16, 4, 12
1_9_20 13
6_29_16 12, 4, 8, 16, 9, 1
8_22_20 12, 4, 8, 16, 13, 5, 9, 1
6_22_02 3, 11, 15, 7, 16, 8
5_23_08 6, 14, 2, 10, 15
2_2_22 8, 16
3_3_14 8, 16, 12
5_12_20 13, 5, 9, 1, 2
3_25_18 12, 4, 8
1_14_16 8
5_3_14 8, 16, 4, 12, 1
5_7_20 12, 4, 8, 16, 5
8_27_08 7, 15, 3, 11, 8, 16, 4, 12
1_12_06 10
2_6_16 6, 14
1_11_08 15
4_24_06 5, 13, 1, 9
5_16_00 4, 12, 16, 8, 5
5_2_20 11, 3, 7, 15, 8
7_23_16 10, 2, 6, 14, 3, 11, 15
2_11_06 6, 14
8_24_14 9, 1, 5, 13, 10, 2, 6, 14
2_12_22 10, 2
7_21_22 13, 5, 9, 1, 14, 6, 10
6_6_08 6, 14, 2, 10, 3, 11
6_17_04 3, 11, 15, 7, 4, 12
4_25_08 7, 15, 3, 11
4_15_16 12, 4, 8, 16
6_6_00 2, 10, 14, 6, 15, 7
2_4_08 1, 9
3_16_08 4, 12, 8
6_21_08 6, 14, 2, 10, 7, 15
8_2_08 5, 13, 1, 9, 6, 14, 2, 10
4_7_20 12, 4, 8, 16
4_20_08 5, 13, 1, 9
2_31_16 12, 4
7_14_16 12, 4, 8, 16, 5, 13, 1
2_31_10 9, 1
3_10_00 15, 7, 11
1_29_00 4
4_11_08 7, 15, 3, 11
2_8_20 8, 16
1_7_02 11
4_14_20 14, 6, 10, 2
3_28_00 15, 7, 3
5_2_04 3, 11, 15, 7, 16
1_24_02 7
3_22_06 1, 9, 13
7_22_22 13, 5, 9, 1, 10, 2, 6
2_16_18 9, 1
1_19_00 9
5_7_04 4, 12, 16, 8, 13
3_23_06 5, 13, 9
5_17_20 11, 3, 7, 15, 12
7_24_16 10, 2, 6, 14, 15, 7, 11
8_23_08 6, 14, 2, 10, 7, 15, 3, 11
7_6_14 9, 1, 5, 13, 6, 14, 2
1_15_18 5
3_3_16 9, 1, 13
7_17_00 1, 9, 13, 5, 2, 10, 14
5_28_16 11, 3, 7, 15, 16
4_12_22 14, 6, 10, 2
8_22_08 6, 14, 2, 10, 7, 15, 3, 11
1_1_06 4
2_31_02 5, 13
3_17_02 2, 10, 14
6_1_16 9, 1, 5, 13, 10, 2
7_6_10 7, 15, 3, 11, 4, 12, 16
6_17_08 5, 13, 1, 9, 6, 14
7_26_10 8, 16, 4, 12, 5, 13, 1
8_16_02 5, 13, 1, 9, 2, 10, 14, 6
3_10_16 7, 15, 3
8_10_22 14, 6, 10, 2, 15, 7, 11, 3
1_20_00 5
2_14_06 3, 11
7_27_14 10, 2, 6, 14, 3, 11, 15
1_2_10 2
4_19_06 4, 12, 16, 8
1_30_22 11
7_31_20 14, 6, 10, 2, 3, 11, 15
5_26_16 11, 3, 7, 15, 8
4_8_00 2, 10, 14, 6
4_22_02 3, 11, 15, 7
4_3_08 5, 13, 1, 9
8_11_14 10, 2, 6, 14, 11, 3, 7, 15
7_20_02 2, 10, 14, 6, 7, 15, 3
6_19_04 3, 11, 15, 7, 4, 12
7_16_04 6, 14, 2, 10, 7, 15, 3
8_24_02 3, 11, 15, 7, 4, 12, 16, 8
6_13_18 13, 5, 9, 1, 10, 2
6_26_00 3, 11, 15, 7, 16, 8
4_25_22 14, 6, 10, 2
4_30_18 13, 5, 9, 1
6_18_02 2, 10, 14, 6, 15, 7
5_24_12 8, 16, 4, 12, 13
2_30_22 11, 3
3_5_14 9, 1, 5
2_3_12 7, 15
6_5_18 11, 3, 7, 15, 12, 4
7_29_12 10, 2, 6, 14, 7, 15, 3
4_23_06 5, 13, 1, 9
1_3_06 12
6_28_00 3, 11, 15, 7, 16, 8
7_10_02 4, 12, 16, 8, 1, 9, 13
4_22_16 10, 2, 6, 14
1_6_22 9
5_19_06 4, 12, 16, 8, 13
1_18_10 2
5_12_20 13, 5, 9, 1, 2
8_4_06 4, 12, 16, 8, 5, 13, 1, 9
4_29_00 4,12, 16, 8
4_19_12 7, 15, 3, 11
5_31_14 11, 3, 7, 15, 16
8_5_02 3, 11, 15, 7, 4, 12, 16, 8
7_14_06 7, 15, 3, 11, 16, 8, 12
1_5_04 4
2_18_22 8, 16
8_25_16 11, 3, 7, 15, 12, 4, 8, 16
2_13_14 11, 3
8_23_06 5, 13, 1, 9, 6, 14, 2, 10
3_20_02 14, 6, 2
8_21_04 4, 12, 16, 8, 5, 13, 1, 9
1_22_20 8
8_16_08 8, 16, 4, 12, 5, 13, 1, 9
1_31_04 14
1_23_10 15
2_13_00 4,12
6_25_06 6, 14, 2, 10, 7, 15
3_22_00 14, 6, 10
6_21_08 6, 14, 2, 10, 7, 15
2_17_00 1, 9
3_31_22 15, 7, 3
4_4_14 8, 16, 4, 12
6_15_12 10, 2, 6, 14, 7, 15
3_27_14 10, 2, 14
1_2_04 15
5_26_06 6, 14, 2, 10, 3
2_20_16 5, 13
2_14_14 7, 15
3_29_14 11, 3, 7
7_17_18 10, 2, 6, 14, 11, 3, 7
3_29_12 10, 2, 6
6_23_20 12, 4, 8, 16, 13, 5
4_22_16 10, 2, 6, 14
7_3_10 6, 14, 2, 10, 15, 7, 11
3_9_22 14, 6, 10
2_20_14 4, 12
8_18_00 1, 9, 13, 5, 2, 10, 14, 6
8_4_22 12, 4, 8, 16, 13, 5, 9, 1
4_1_06 4, 12, 16, 8
7_7_02 3, 11, 15, 7, 12, 4, 8
1_3_10 14
7_5_04 4, 12, 16, 8, 5, 13, 1
4_23_02 3, 11, 15, 7
4_27_16 11, 3, 7, 15
1_13_08 8
1_14_14 7
3_9_04 5, 13, 1
6_22_04 4, 12, 16, 8, 1, 9
6_3_02 2, 10, 14, 6, 3, 11
8_23_16 10, 2, 6, 14, 11, 3, 7, 15
7_26_12 9, 1, 5, 13, 6, 14, 2
4_4_16 9, 1, 5, 13
3_7_12 8, 16, 12
1_6_02 15
4_3_06 4, 12, 16, 8
3_25_12 9, 1, 5
6_25_06 6, 14, 2, 10, 7, 15
5_3_22 12, 4, 8, 16, 5
7_3_08 5, 13, 1, 9, 14, 6, 10
8_21_16 10, 2, 6, 14, 11, 3, 7, 15
8_15_04 6, 14, 2, 10, 3, 11, 15, 7
6_27_04 5, 13, 1, 9, 6, 14
1_9_00 3
6_3_08 5, 13, 1, 9, 6, 14
2_12_16 7, 15
4_29_12 10, 2, 6, 14
7_29_22 15, 7, 11, 3, 12, 4, 8
5_10_00 3, 11, 15, 7, 16
5_26_14 10, 2, 6, 14, 7
3_14_14 7, 15, 3
3_30_10 5, 13, 1
5_8_00 2, 10, 14, 6, 7
1_19_20 3
6_19_10 6, 14, 2, 10, 7, 15
4_27_18 12, 4, 8, 16
5_28_08 7, 15, 3, 11, 12
1_21_16 10
8_19_20 11, 3, 7, 15, 12, 4, 8, 16
8_18_18 10, 2, 6, 14, 11, 3, 7, 15
4_6_12 8, 16, 4, 12
8_13_20 14, 6, 10, 2, 11, 3, 7, 15
1_15_16 4
5_14_14 11, 3, 7, 15, 4
6_6_14 9, 1, 5, 13, 6, 14
3_4_14 4, 12, 8
5_6_06 5, 13, 1, 9, 2
2_23_00 2, 10
4_24_18 11, 3, 7, 15
8_10_00 3, 11, 15, 7, 4, 12, 16, 8
5_1_08 5, 13, 1, 9, 6
4_14_06 7, 15, 3, 11
7_14_18 13, 5, 9, 1, 6, 14, 2
6_29_00 4, 12, 16, 8, 1, 9
6_4_00 1, 9, 13, 5, 14, 6
8_27_06 6, 14, 2, 10, 7, 15, 3, 11
8_28_08 7, 15, 3, 11, 8, 16, 4, 12
6_14_10 9, 1, 5, 13, 2, 10
2_22_22 9, 1
8_1_22 12, 4, 8, 16, 13, 5, 9, 1
2_7_22 13, 5
6_20_00 1, 9, 13, 5, 14, 6
6_31_08 8, 16, 4, 12, 5, 13
2_31_04 6, 14
4_6_08 6, 14, 2, 10
8_7_10 7, 15, 3, 11, 8, 16, 4, 12
5_10_10 8, 16, 4, 12, 5
7_12_02 4, 12, 16, 8, 9, 1, 5
6_23_02 3, 11, 15, 7, 4, 12
5_12_04 5, 13, 1, 9, 10
6_23_04 4, 12, 16, 8, 5, 13
1_5_04 4
4_15_06 7, 15, 3, 11
7_20_06 4, 12, 16, 8, 9, 1, 5
2_23_10 7, 15
3_11_10 8, 16, 12
7_25_08 7, 15, 3, 11, 8, 16, 4
5_4_06 4, 12, 16, 8, 9
7_25_12 9, 1, 5, 13, 10, 2, 6
6_20_16 9, 1, 5, 13, 6, 14
7_19_20 11, 3, 7, 15, 4, 12, 16
2_24_06 1, 9
1_28_04 9
4_13_14 11, 3, 7, 15
7_26_12 9, 1, 5, 13, 6, 14, 2
4_23_16 10, 2, 6, 14
3_18_00 13, 5, 9
2_7_14 9, 1
7_7_20 12, 4, 8, 16, 5, 13, 1
2_3_14 8, 16
6_23_14 9, 1, 5, 13, 10, 2
5_6_22 13, 5, 9, 1, 10
4_8_14 9, 1, 5, 13
4_19_08 5, 13, 1, 9
3_20_02 14, 6, 2
7_7_02 3, 11, 15, 7, 12, 4, 8
7_9_20 13, 5, 9, 1, 14, 6, 10
5_22_06 5, 13, 1, 9, 2
6_19_22 12, 4, 8, 16, 13, 5
4_13_14 11, 3, 7, 15
6_30_22 15, 7, 11, 3, 8, 16
7_28_02 4, 12, 16, 8, 9, 1, 5
3_6_18 7, 15, 3
3_24_06 1, 9, 5
8_16_04 6, 14, 2, 10, 3, 11, 15, 7
8_25_00 3, 11, 15, 7, 4, 12, 16, 8
4_24_22 13, 5, 9, 1
7_18_16 9, 1, 5, 13, 6, 14, 2
5_22_14 9, 1, 5, 13, 6
3_9_10 8, 16, 4
4_24_04 4, 12, 16, 8
5_15_12 10, 2, 6, 14, 15
6_18_16 9, 1, 5, 13, 6, 14
2_2_06 16, 8
6_30_00 4, 12, 16, 8, 13, 5
6_22_04 4, 12, 16, 8, 1, 9
8_14_12 10, 2, 6, 14, 7, 15, 3, 11
8_23_18 11, 3, 7, 15, 12, 4, 8, 16
1_20_10 10
1_3_02 10
7_15_18 13, 5, 9, 1, 2, 10, 14
7_27_06 6, 14, 2, 10, 15, 7, 11
5_28_04 5, 13, 1, 9, 10
7_2_20 11, 3, 7, 15, 8, 16, 4
5_14_12 10, 2, 6, 14, 3
6_18_12 7, 15, 3, 11, 4, 12
4_14_10 9, 1, 5, 13
3_12_12 5, 13, 9
1_5_04 4
2_5_16 10, 2
2_21_16 10, 2
1_26_14 6
4_5_06 5, 13, 1, 9
4_29_12 10, 2, 6, 14
2_29_18 13, 5
7_12_12 9, 1, 5, 13, 14, 6, 10
6_30_22 15, 7, 11, 3, 8, 16
4_11_14 10, 2, 6, 14
4_7_20 12, 4, 8, 16
7_30_08 8, 16, 4, 12, 1, 9, 13
1_25_16 11
5_26_18 12, 4, 8, 16, 9
1_16_22 3
3_23_18 11, 3, 15
8_31_00 4, 12, 16, 8, 1, 9, 13, 5
8_13_10 9, 1, 5, 13, 6, 14, 2, 10
6_7_18 11, 3, 7, 15, 12, 4
1_12_22 2
3_16_10 5, 13, 9
5_10_04 5, 13, 1, 9, 2
3_14_00 16, 8, 12
8_22_12 8, 16, 4, 12, 9, 1, 5, 13
6_30_08 8, 16, 4, 12, 1, 9
8_3_14 8, 16, 4, 12, 9, 1, 5, 13
4_15_06 7, 15, 3, 11
3_4_04 15, 7, 3
6_25_02 4, 12, 16, 8, 5, 13
4_25_16 11, 3, 7, 15
4_13_16 12, 4, 8, 16
6_16_16 12, 4, 8, 16, 5, 13
6_12_08 7, 15, 3, 11, 4, 12
6_21_06 5, 13, 1, 9, 6, 14
6_13_14 11, 3, 7, 15, 8, 16
5_2_12 7, 15, 3, 11, 4
4_30_08 8, 16, 4, 12
4_24_08 6, 14, 2, 10
7_19_22 12, 4, 8, 16, 5, 13, 1
5_28_00 3, 11, 15, 7, 8
7_2_18 10, 2, 6, 14, 7, 15, 3
7_15_14 11, 3, 7, 15, 16, 8, 12
6_5_14 9, 1, 5, 13, 10, 2
8_22_02 3, 11, 15, 7, 4, 12, 16, 8
4_22_18 11, 3, 7, 15
8_8_20 12, 4, 8, 16, 13, 5, 9, 1
4_17_06 4, 12, 16, 8
3_5_16 10, 2, 6
1_27_18 4
3_9_20 13, 5, 9
1_23_16 2
2_13_16 12, 4
5_8_10 7, 15, 3, 11, 12
6_15_08 8, 16, 4, 12, 5, 13
2_22_02 15, 7
4_5_04 4, 12, 16, 8
3_4_14 4, 12, 8
6_19_12 7, 15, 3, 11, 8, 16
7_18_08 5, 13, 1, 9, 2, 10, 14
2_4_08 1, 9
7_4_02 2, 10, 14, 6, 7, 15, 3
1_5_20 12
4_4_20 11, 3, 7, 15
1_26_08 3
4_13_04 6, 14, 2, 10
5_10_00 3, 11, 15, 7, 16
1_7_16 2
8_5_06 5, 13, 1, 9, 6, 14, 2, 10
6_8_06 5, 13, 1, 9, 2, 10
3_4_14 4, 12, 8
2_27_00 3, 11
3_1_08 5, 13, 1
3_18_20 7, 15, 3
7_11_00 3, 11, 15, 7, 12, 4, 8
6_27_08 7, 15, 3, 11, 8, 16
7_1_14 8, 16, 4, 12, 9, 1, 5
8_6_22 13, 5, 9, 1, 14, 6, 10, 2
3_29_12 10, 2, 6
7_24_22 13, 5, 9, 1, 2, 10, 14
6_28_04 5, 13, 1, 9, 2, 10